6138 8750
0 1 1
0 3030 1
0 3770 1
1 4714 1
2 1 1
2 316 1
3 1 1
3 316 1
4 1 1
4 316 1
5 1 1
5 6 1
5 7 1
5 316 1
6 1 1
6 638 1
7 1 1
7 6 1
8 1 1
9 0 1
9 3521 1
10 0 1
10 9 1
10 3770 1
11 0 1
11 3770 1
12 0 1
13 0 1
14 2 1
14 57 1
14 66 1
14 68 1
14 114 1
14 115 1
14 117 1
14 129 1
14 131 1
14 134 1
14 135 1
14 190 1
14 197 1
14 202 1
14 211 1
14 226 1
14 227 1
14 234 1
14 255 1
14 273 1
14 315 1
14 316 1
14 366 1
14 386 1
14 404 1
14 438 1
14 440 1
14 536 1
14 538 1
14 539 1
14 541 1
14 544 1
14 581 1
14 626 1
14 688 1
14 733 1
14 827 1
14 895 1
14 897 1
14 905 1
14 919 1
14 1011 1
14 1137 1
14 1154 1
14 1156 1
14 1161 1
14 1187 1
14 1191 1
14 1330 1
14 1357 1
14 1566 1
14 1584 1
14 1640 1
14 1730 1
14 1734 1
14 1801 1
14 1803 1
14 1816 1
14 1817 1
14 1832 1
14 1881 1
14 2021 1
14 2134 1
14 2254 1
14 2255 1
14 2267 1
14 2291 1
14 2305 1
14 2465 1
14 2683 1
14 2694 1
14 2697 1
14 2729 1
14 2817 1
14 3101 1
14 3109 1
14 3152 1
14 3160 1
14 3444 1
14 3455 1
14 3522 1
14 3539 1
14 3663 1
14 3741 1
14 3749 1
14 3876 1
14 3908 1
14 3956 1
14 4129 1
14 4152 1
14 4155 1
14 4167 1
14 4183 1
14 4228 1
14 4381 1
14 4443 1
14 4491 1
14 4552 1
14 4811 1
14 4834 1
14 4984 1
14 5038 1
14 5141 1
14 5147 1
14 5170 1
14 5368 1
14 5807 1
14 5817 1
15 2 1
15 50 1
15 52 1
15 54 1
15 57 1
15 65 1
15 66 1
15 68 1
15 70 1
15 114 1
15 115 1
15 135 1
15 190 1
15 211 1
15 226 1
15 255 1
15 273 1
15 315 1
15 316 1
15 329 1
15 364 1
15 386 1
15 404 1
15 438 1
15 440 1
15 536 1
15 538 1
15 544 1
15 569 1
15 581 1
15 626 1
15 688 1
15 733 1
15 827 1
15 895 1
15 897 1
15 917 1
15 948 1
15 1011 1
15 1154 1
15 1161 1
15 1330 1
15 1331 1
15 1357 1
15 1360 1
15 1584 1
15 1610 1
15 1640 1
15 1730 1
15 1734 1
15 1803 1
15 1817 1
15 1881 1
15 2021 1
15 2254 1
15 2267 1
15 2465 1
15 2683 1
15 2692 1
15 2694 1
15 2697 1
15 2729 1
15 2817 1
15 3042 1
15 3109 1
15 3152 1
15 3444 1
15 3510 1
15 3522 1
15 3539 1
15 3663 1
15 3716 1
15 3723 1
15 3741 1
15 3749 1
15 3876 1
15 3878 1
15 3908 1
15 3915 1
15 3956 1
15 3993 1
15 4129 1
15 4151 1
15 4155 1
15 4183 1
15 4389 1
15 4491 1
15 4552 1
15 4564 1
15 4811 1
15 4834 1
15 4984 1
15 4989 1
15 5038 1
15 5115 1
15 5141 1
15 5147 1
15 5170 1
15 5368 1
15 5672 1
15 5753 1
15 5807 1
15 5849 1
16 2 1
16 66 1
16 76 1
16 114 1
16 187 1
16 197 1
16 345 1
16 404 1
16 536 1
16 539 1
16 581 1
16 688 1
16 886 1
16 911 1
16 917 1
16 1154 1
16 1191 1
16 1360 1
16 1816 1
16 1817 1
16 1881 1
16 2254 1
16 2267 1
16 2683 1
16 2817 1
16 3109 1
16 3152 1
16 3510 1
16 3716 1
16 3741 1
16 3749 1
16 4097 1
16 4151 1
16 4155 1
16 4381 1
16 4552 1
16 4564 1
16 4811 1
16 4984 1
16 5368 1
16 5631 1
16 5671 1
16 5805 1
17 2 1
17 66 1
17 366 1
17 538 1
17 1610 1
17 1734 1
17 2692 1
17 3510 1
17 4443 1
17 4989 1
18 2 1
18 2683 1
18 4811 1
18 5368 1
19 2 1
19 735 1
20 2 1
21 3 1
22 4 1
22 563 1
22 771 1
22 920 1
22 921 1
22 1933 1
23 5 1
23 7 1
23 1465 1
23 5807 1
24 9 1
24 50 1
24 333 1
24 404 1
24 3957 1
24 5012 1
25 9 1
25 581 1
25 5377 1
26 9 1
27 9 1
28 9 1
29 9 1
29 3770 1
30 9 1
31 10 1
32 11 1
33 12 1
34 12 1
35 13 1
36 14 1
36 50 1
36 57 1
36 262 1
36 266 1
36 1191 1
36 1802 1
36 1821 1
36 3749 1
37 15 1
38 15 1
38 37 1
39 15 1
39 37 1
40 19 1
41 21 1
41 636 1
41 1011 1
42 22 1
42 24 1
42 41 1
42 49 1
42 62 1
42 63 1
42 64 1
42 69 1
42 73 1
42 94 1
42 171 1
42 254 1
42 307 1
42 328 1
42 332 1
42 391 1
42 409 1
42 421 1
42 489 1
42 648 1
42 692 1
42 775 1
42 802 1
42 826 1
42 834 1
42 875 1
42 1044 1
42 1081 1
42 1125 1
42 1135 1
42 1219 1
42 1289 1
42 1505 1
42 1506 1
42 1629 1
42 1631 1
42 1632 1
42 1645 1
42 1691 1
42 1708 1
42 1781 1
42 1788 1
42 1971 1
42 2207 1
42 2533 1
42 2534 1
42 2724 1
42 2856 1
42 2967 1
42 3384 1
42 3599 1
42 3842 1
42 3877 1
42 4119 1
42 4157 1
42 4460 1
42 4898 1
42 5276 1
42 5613 1
42 5645 1
43 25 1
43 474 1
43 571 1
43 2229 1
44 26 1
45 26 1
46 27 1
47 28 1
48 34 1
49 36 1
49 4323 1
50 38 1
50 292 1
50 2911 1
50 4151 1
51 38 1
52 38 1
52 3621 1
53 38 1
53 905 1
53 4381 1
54 38 1
54 3741 1
55 38 1
56 38 1
57 38 1
57 1124 1
58 38 1
58 5791 1
59 38 1
60 38 1
61 48 1
62 50 1
62 156 1
62 1360 1
62 3043 1
62 4389 1
62 5368 1
62 5476 1
63 50 1
64 50 1
64 195 1
64 3072 1
64 3270 1
64 5193 1
64 5369 1
64 5399 1
64 5730 1
65 50 1
66 50 1
66 536 1
66 541 1
66 1127 1
66 1711 1
66 2365 1
66 2699 1
66 5671 1
67 50 1
67 53 1
67 95 1
67 435 1
67 917 1
67 1956 1
67 2729 1
67 2914 1
67 3749 1
67 4321 1
67 4902 1
67 5368 1
67 5377 1
68 50 1
68 57 1
69 50 1
69 1360 1
69 3109 1
69 3716 1
69 5797 1
70 50 1
70 52 1
70 54 1
70 238 1
71 50 1
71 52 1
71 54 1
71 190 1
71 700 1
71 2300 1
71 2729 1
71 3876 1
71 5377 1
71 5691 1
72 50 1
73 50 1
73 72 1
73 741 1
73 929 1
73 1890 1
73 2262 1
73 2366 1
73 2672 1
73 2681 1
74 50 1
75 50 1
75 712 1
75 1108 1
75 4803 1
76 50 1
77 50 1
77 336 1
77 398 1
77 662 1
77 3773 1
77 5689 1
78 50 1
79 50 1
80 50 1
81 50 1
82 50 1
82 2873 1
83 50 1
83 3031 1
84 50 1
84 315 1
85 50 1
85 5377 1
86 50 1
87 50 1
88 50 1
89 50 1
89 3130 1
90 50 1
90 166 1
90 276 1
90 280 1
90 287 1
90 438 1
90 603 1
90 1956 1
90 2464 1
90 5377 1
91 50 1
92 50 1
93 50 1
94 50 1
95 50 1
95 4169 1
95 4170 1
95 5640 1
96 50 1
96 115 1
96 1881 1
96 2255 1
96 5687 1
97 50 1
98 50 1
98 196 1
98 350 1
98 438 1
98 569 1
98 3876 1
99 50 1
99 1324 1
99 2683 1
99 2993 1
99 4097 1
99 5485 1
100 50 1
100 4512 1
101 50 1
102 50 1
103 50 1
103 508 1
104 50 1
104 52 1
104 207 1
105 50 1
106 50 1
107 50 1
108 50 1
108 1055 1
109 50 1
109 203 1
109 2255 1
109 3780 1
110 50 1
110 1637 1
111 50 1
112 50 1
113 50 1
114 50 1
115 50 1
116 50 1
117 50 1
117 52 1
117 897 1
118 50 1
119 50 1
119 5409 1
120 50 1
120 52 1
120 54 1
120 66 1
120 135 1
120 315 1
120 316 1
120 329 1
120 366 1
120 897 1
120 1331 1
120 1881 1
120 2254 1
120 2267 1
120 2683 1
120 2729 1
120 2981 1
120 3663 1
120 3876 1
120 5170 1
120 5368 1
121 50 1
122 50 1
123 50 1
123 3908 1
124 50 1
125 50 1
126 50 1
127 50 1
128 50 1
129 50 1
130 50 1
131 50 1
131 4753 1
132 50 1
133 50 1
134 50 1
134 336 1
134 3773 1
135 50 1
135 52 1
135 508 1
136 50 1
137 50 1
138 50 1
139 50 1
140 50 1
141 50 1
141 5370 1
142 50 1
143 50 1
144 50 1
145 50 1
146 50 1
147 50 1
148 50 1
149 50 1
149 3773 1
150 50 1
151 50 1
151 5370 1
152 50 1
153 50 1
154 50 1
155 50 1
156 50 1
157 50 1
158 50 1
159 50 1
160 50 1
161 50 1
161 5716 1
162 50 1
163 50 1
164 50 1
165 50 1
166 50 1
166 438 1
166 600 1
166 1824 1
166 2300 1
166 2729 1
166 5691 1
167 50 1
168 50 1
169 50 1
170 50 1
170 497 1
171 50 1
172 50 1
173 50 1
174 50 1
175 50 1
176 50 1
177 50 1
178 50 1
179 50 1
180 50 1
181 50 1
182 50 1
183 50 1
184 50 1
185 50 1
186 51 1
187 51 1
187 188 1
187 460 1
187 603 1
188 51 1
189 52 1
189 5310 1
189 5412 1
189 5413 1
190 52 1
190 603 1
190 3663 1
191 52 1
191 1566 1
192 52 1
193 52 1
193 88 1
194 52 1
195 52 1
195 198 1
195 677 1
196 52 1
196 208 1
196 1083 1
196 1404 1
196 1956 1
196 2464 1
197 52 1
197 4438 1
197 4717 1
197 4881 1
197 4965 1
198 52 1
198 54 1
198 1084 1
198 2300 1
198 2729 1
198 3780 1
198 5691 1
199 52 1
200 52 1
201 52 1
202 52 1
202 603 1
203 52 1
204 52 1
204 394 1
204 764 1
204 1171 1
205 52 1
206 52 1
206 5805 1
207 52 1
208 52 1
209 52 1
210 52 1
211 52 1
212 52 1
212 329 1
212 4183 1
213 52 1
213 54 1
213 207 1
213 835 1
213 3876 1
214 52 1
215 52 1
215 3749 1
216 52 1
216 57 1
216 190 1
216 438 1
216 508 1
216 603 1
216 2729 1
217 52 1
218 52 1
218 1188 1
219 52 1
219 201 1
219 823 1
219 5377 1
220 52 1
220 4491 1
221 52 1
222 52 1
223 52 1
223 223 1
224 52 1
225 52 1
226 52 1
227 52 1
228 52 1
229 52 1
230 52 1
231 52 1
231 230 1
232 52 1
233 52 1
234 52 1
235 52 1
236 52 1
237 52 1
238 52 1
239 52 1
240 52 1
241 52 1
242 52 1
242 231 1
243 52 1
244 52 1
245 52 1
246 52 1
247 52 1
248 52 1
249 52 1
250 52 1
251 52 1
252 53 1
253 54 1
253 1245 1
253 1756 1
253 1824 1
253 1997 1
254 54 1
254 1273 1
254 2656 1
254 4719 1
254 5371 1
254 5491 1
254 5493 1
254 5494 1
254 5495 1
254 5496 1
254 5498 1
254 5499 1
254 5501 1
254 5503 1
254 5504 1
254 5506 1
254 5507 1
254 5508 1
255 54 1
255 1551 1
256 54 1
257 54 1
258 54 1
259 55 1
260 55 1
261 57 1
261 603 1
262 57 1
262 134 1
262 553 1
262 1802 1
262 2261 1
262 2263 1
262 2301 1
262 2731 1
262 5788 1
263 57 1
264 57 1
264 5584 1
265 57 1
266 57 1
266 897 1
266 1138 1
267 57 1
268 57 1
269 57 1
269 948 1
269 1881 1
269 2267 1
269 3160 1
269 3472 1
270 57 1
271 57 1
272 57 1
273 57 1
274 58 1
274 603 1
274 1187 1
274 1956 1
274 2464 1
275 58 1
275 603 1
276 58 1
277 65 1
277 199 1
277 569 1
277 603 1
278 65 1
279 65 1
280 65 1
281 66 1
281 897 1
281 1331 1
281 1730 1
281 1766 1
281 3152 1
281 3878 1
281 5817 1
282 66 1
282 394 1
282 764 1
282 1172 1
282 1174 1
282 3152 1
283 66 1
283 2211 1
283 2214 1
283 2651 1
284 67 1
284 369 1
284 771 1
284 1634 1
284 2585 1
284 4759 1
284 4819 1
284 4902 1
285 68 1
285 138 1
285 190 1
285 201 1
285 202 1
285 227 1
285 234 1
285 255 1
285 438 1
285 494 1
285 569 1
285 581 1
285 688 1
285 1510 1
285 3510 1
285 3876 1
286 68 1
287 68 1
287 70 1
287 110 1
287 348 1
287 3751 1
287 3979 1
288 68 1
289 68 1
290 70 1
291 70 1
291 536 1
291 4621 1
292 70 1
292 1347 1
293 71 1
293 85 1
293 90 1
293 196 1
293 216 1
293 277 1
293 438 1
293 439 1
293 476 1
293 789 1
293 1405 1
293 1755 1
293 1763 1
294 75 1
294 146 1
295 76 1
296 76 1
296 114 1
296 2168 1
297 76 1
297 114 1
298 76 1
299 76 1
299 4151 1
300 77 1
300 4328 1
301 79 1
301 80 1
302 80 1
302 3677 1
303 80 1
304 81 1
305 83 1
306 84 1
306 626 1
306 3210 1
307 86 1
308 86 1
309 88 1
309 3152 1
309 3456 1
310 88 1
311 88 1
312 88 1
313 88 1
314 88 1
315 89 1
315 110 1
315 348 1
315 3915 1
315 3979 1
315 4619 1
315 5687 1
316 89 1
316 905 1
316 949 1
316 2807 1
316 4714 1
316 5170 1
317 89 1
318 89 1
319 89 1
320 91 1
321 92 1
322 93 1
323 96 1
323 101 1
323 115 1
323 295 1
323 699 1
323 1628 1
323 2354 1
324 97 1
325 98 1
325 103 1
325 219 1
325 482 1
326 99 1
326 301 1
326 1307 1
326 2860 1
326 4140 1
327 99 1
327 301 1
327 4140 1
327 4142 1
328 100 1
329 101 1
329 115 1
329 1360 1
330 102 1
331 102 1
332 104 1
332 1010 1
332 1189 1
332 4199 1
332 4201 1
333 106 1
333 852 1
334 107 1
335 107 1
336 107 1
337 107 1
338 107 1
339 108 1
339 939 1
340 108 1
341 110 1
341 224 1
341 2732 1
341 3979 1
341 3993 1
341 4269 1
341 5805 1
342 110 1
342 2382 1
342 3830 1
342 4619 1
343 110 1
344 110 1
344 348 1
344 3979 1
345 110 1
345 1637 1
345 1931 1
345 3979 1
346 110 1
346 434 1
346 553 1
346 929 1
346 1314 1
346 1447 1
346 1931 1
346 2664 1
346 2731 1
346 3519 1
346 3780 1
346 3786 1
346 3868 1
346 4138 1
346 5213 1
346 5216 1
346 5689 1
347 110 1
347 1447 1
347 2731 1
347 3868 1
347 3979 1
347 4022 1
348 110 1
348 3976 1
348 3979 1
349 110 1
349 3979 1
350 110 1
350 3979 1
351 110 1
351 3751 1
351 3979 1
352 110 1
352 3979 1
353 110 1
354 110 1
354 3979 1
355 110 1
355 3979 1
356 110 1
356 3979 1
357 111 1
358 112 1
359 114 1
360 114 1
360 905 1
360 3101 1
360 4228 1
361 114 1
361 363 1
362 114 1
363 114 1
364 115 1
364 190 1
364 5012 1
365 115 1
366 117 1
366 1105 1
366 5807 1
367 117 1
368 117 1
369 122 1
370 124 1
371 124 1
372 126 1
372 631 1
372 5139 1
372 5429 1
372 5631 1
373 126 1
373 376 1
374 126 1
375 126 1
376 126 1
377 126 1
378 126 1
379 126 1
380 126 1
381 126 1
382 127 1
383 129 1
384 129 1
385 129 1
386 129 1
387 129 1
388 129 1
389 129 1
390 129 1
391 130 1
392 131 1
392 220 1
392 394 1
392 395 1
392 396 1
393 131 1
393 183 1
393 1600 1
393 4497 1
394 131 1
394 735 1
394 764 1
394 1403 1
394 2366 1
394 3716 1
395 131 1
396 131 1
397 133 1
398 134 1
398 3773 1
399 134 1
399 626 1
399 919 1
399 1485 1
399 2358 1
399 4183 1
399 5671 1
400 134 1
400 197 1
400 366 1
400 1816 1
400 2021 1
400 2465 1
400 3101 1
400 5671 1
401 134 1
401 2085 1
401 2551 1
402 134 1
402 3387 1
403 134 1
403 753 1
404 135 1
404 414 1
404 852 1
404 5278 1
405 135 1
405 190 1
405 386 1
405 1187 1
405 1591 1
405 3878 1
405 4552 1
405 5147 1
405 5368 1
406 135 1
406 386 1
406 1734 1
406 3741 1
407 135 1
407 631 1
407 5642 1
408 135 1
409 136 1
410 137 1
411 138 1
411 412 1
411 760 1
411 1164 1
412 138 1
412 1164 1
413 138 1
414 141 1
414 999 1
414 2762 1
415 141 1
416 141 1
416 2596 1
416 3360 1
417 141 1
418 141 1
419 141 1
420 141 1
420 231 1
421 141 1
422 141 1
423 141 1
423 414 1
424 141 1
425 141 1
426 141 1
427 148 1
428 149 1
429 152 1
430 152 1
431 158 1
432 159 1
433 160 1
433 4390 1
434 162 1
434 1734 1
434 2205 1
434 3048 1
435 163 1
435 635 1
436 165 1
436 2134 1
437 170 1
438 170 1
439 170 1
439 1011 1
439 2578 1
439 2979 1
439 3279 1
440 170 1
441 170 1
441 911 1
442 170 1
443 170 1
444 170 1
445 170 1
446 170 1
447 173 1
448 174 1
449 174 1
450 174 1
451 183 1
451 1600 1
451 4497 1
451 4753 1
452 183 1
452 2968 1
452 4492 1
452 4493 1
453 183 1
453 4497 1
453 4753 1
454 183 1
454 4497 1
455 183 1
455 4497 1
455 4753 1
456 183 1
456 4497 1
456 4753 1
457 183 1
458 183 1
459 185 1
460 186 1
461 187 1
462 187 1
462 2692 1
462 2699 1
462 4989 1
463 187 1
464 187 1
465 187 1
466 187 1
467 189 1
467 468 1
467 469 1
467 2849 1
468 189 1
468 5308 1
469 189 1
469 468 1
469 3211 1
470 189 1
471 190 1
471 386 1
471 569 1
471 688 1
471 1330 1
471 1610 1
471 1817 1
471 3109 1
471 3716 1
471 5038 1
472 190 1
473 191 1
474 192 1
474 916 1
474 5377 1
475 194 1
476 196 1
476 255 1
476 1207 1
476 1510 1
476 1763 1
476 1952 1
476 3510 1
476 4902 1
477 197 1
477 822 1
478 197 1
479 197 1
480 201 1
481 202 1
481 538 1
481 895 1
481 3101 1
481 3444 1
481 4552 1
481 5038 1
482 202 1
482 225 1
482 226 1
482 494 1
483 202 1
483 545 1
484 202 1
485 203 1
486 203 1
486 485 1
487 203 1
488 203 1
489 204 1
489 282 1
489 392 1
489 394 1
489 731 1
489 732 1
489 734 1
489 764 1
489 1168 1
489 1172 1
489 1174 1
490 205 1
490 1801 1
490 1803 1
490 2168 1
491 205 1
492 205 1
493 205 1
494 207 1
495 207 1
496 207 1
497 207 1
498 207 1
499 207 1
500 207 1
500 497 1
501 207 1
502 207 1
503 207 1
504 207 1
505 207 1
506 207 1
507 207 1
508 209 1
509 210 1
510 211 1
511 211 1
512 211 1
513 211 1
513 226 1
513 275 1
513 442 1
513 531 1
513 1000 1
514 211 1
515 211 1
516 212 1
517 212 1
517 1141 1
517 3427 1
518 213 1
518 2676 1
518 3675 1
519 214 1
520 214 1
521 215 1
522 222 1
523 222 1
524 224 1
525 224 1
525 341 1
525 4269 1
526 224 1
526 341 1
526 524 1
526 525 1
526 3984 1
527 226 1
528 226 1
528 529 1
528 1055 1
528 2697 1
529 226 1
529 1055 1
529 1531 1
530 226 1
531 226 1
531 532 1
532 226 1
533 227 1
533 508 1
533 1510 1
534 227 1
535 230 1
536 231 1
537 231 1
538 231 1
539 231 1
540 231 1
541 231 1
542 231 1
543 231 1
544 231 1
545 231 1
546 231 1
547 231 1
547 771 1
548 231 1
549 231 1
550 234 1
551 234 1
552 234 1
552 5729 1
553 234 1
554 234 1
555 235 1
556 236 1
557 242 1
558 242 1
559 242 1
560 243 1
561 243 1
562 250 1
563 251 1
563 1485 1
563 3095 1
563 4151 1
563 5631 1
564 251 1
565 251 1
566 251 1
566 315 1
566 347 1
566 4281 1
567 251 1
567 651 1
567 4619 1
568 251 1
569 253 1
569 1245 1
570 255 1
570 1640 1
570 2134 1
570 3101 1
570 3510 1
570 3716 1
570 4097 1
570 4984 1
570 4989 1
571 255 1
571 3553 1
572 255 1
573 255 1
574 257 1
575 258 1
576 258 1
577 258 1
578 258 1
579 261 1
580 264 1
581 267 1
581 274 1
582 272 1
583 272 1
583 582 1
583 953 1
584 272 1
584 2993 1
585 273 1
586 273 1
586 4984 1
587 273 1
587 3152 1
588 273 1
589 273 1
590 275 1
590 536 1
590 1803 1
590 3522 1
590 4097 1
591 275 1
592 275 1
593 275 1
594 275 1
595 275 1
596 275 1
597 275 1
598 275 1
599 276 1
599 5278 1
599 5539 1
600 276 1
601 276 1
602 276 1
602 948 1
603 276 1
604 279 1
604 4012 1
605 283 1
606 286 1
606 290 1
606 1096 1
607 292 1
608 292 1
609 292 1
610 306 1
611 309 1
612 309 1
613 311 1
614 315 1
614 4084 1
615 315 1
615 3814 1
615 4057 1
615 4078 1
615 4080 1
615 4088 1
616 315 1
617 315 1
617 623 1
617 652 1
617 4351 1
618 315 1
618 632 1
619 315 1
619 3048 1
620 315 1
621 315 1
621 4057 1
621 4386 1
622 315 1
623 315 1
623 4351 1
623 4611 1
623 4618 1
624 315 1
624 5485 1
625 315 1
626 315 1
626 4086 1
626 5228 1
627 315 1
627 1053 1
628 315 1
629 315 1
630 315 1
631 315 1
631 4619 1
632 315 1
633 315 1
634 315 1
634 951 1
635 315 1
636 316 1
636 1186 1
636 2239 1
636 3031 1
636 3716 1
637 316 1
637 581 1
637 582 1
637 1640 1
638 316 1
639 317 1
639 1832 1
639 2757 1
640 317 1
640 639 1
640 2310 1
640 2324 1
640 2757 1
641 317 1
642 317 1
643 317 1
644 320 1
644 2349 1
645 324 1
646 324 1
646 645 1
647 329 1
647 3908 1
648 329 1
648 655 1
648 694 1
648 771 1
648 1640 1
648 2597 1
648 4181 1
648 5409 1
648 5754 1
649 329 1
649 375 1
649 1551 1
649 3667 1
649 3798 1
649 5192 1
649 5807 1
650 329 1
650 1833 1
650 2757 1
651 329 1
652 329 1
653 329 1
653 3908 1
654 329 1
655 329 1
656 329 1
657 329 1
658 329 1
658 5807 1
659 335 1
660 335 1
661 335 1
662 336 1
663 339 1
664 340 1
665 342 1
665 666 1
666 342 1
667 344 1
668 345 1
669 345 1
670 345 1
671 345 1
672 345 1
673 345 1
673 677 1
674 345 1
675 345 1
676 345 1
677 345 1
678 347 1
679 347 1
679 683 1
679 795 1
679 827 1
679 2660 1
679 3786 1
679 4076 1
679 5689 1
680 347 1
680 1546 1
680 1979 1
680 2382 1
680 5849 1
681 347 1
682 347 1
683 347 1
683 3766 1
683 4022 1
684 347 1
685 347 1
686 348 1
686 3979 1
687 348 1
687 352 1
688 351 1
689 354 1
690 354 1
691 356 1
692 357 1
692 5236 1
693 359 1
693 361 1
694 364 1
695 364 1
696 364 1
697 364 1
698 364 1
699 365 1
700 366 1
701 366 1
701 2135 1
702 370 1
703 371 1
703 1683 1
704 373 1
704 649 1
704 705 1
704 5190 1
705 374 1
705 5194 1
706 375 1
706 3887 1
707 375 1
708 375 1
709 375 1
710 377 1
710 581 1
710 694 1
710 1634 1
710 3341 1
710 3539 1
711 383 1
711 713 1
711 2949 1
712 383 1
713 383 1
714 384 1
715 385 1
716 385 1
716 715 1
717 386 1
717 2981 1
718 386 1
719 386 1
720 386 1
721 386 1
722 386 1
723 386 1
724 386 1
725 386 1
726 386 1
727 389 1
728 729 1
728 1156 1
729 1156 1
730 394 1
730 5409 1
731 394 1
731 764 1
731 1174 1
732 394 1
732 764 1
732 4491 1
732 5409 1
733 394 1
734 394 1
734 764 1
734 1174 1
735 394 1
736 394 1
736 539 1
736 883 1
736 1295 1
736 1454 1
736 5271 1
737 394 1
737 764 1
737 1172 1
737 4745 1
738 394 1
738 1171 1
739 394 1
739 1331 1
739 5193 1
739 5298 1
739 5400 1
740 394 1
741 394 1
741 1403 1
741 3798 1
742 394 1
743 394 1
743 764 1
743 1174 1
744 394 1
745 401 1
745 897 1
745 1763 1
745 2596 1
745 2807 1
745 3282 1
745 3353 1
745 3549 1
745 5716 1
746 402 1
746 2139 1
746 5689 1
747 403 1
747 2735 1
747 2737 1
747 4861 1
748 403 1
749 403 1
749 2305 1
749 2736 1
750 403 1
751 403 1
752 403 1
753 403 1
754 404 1
754 3333 1
755 404 1
755 537 1
755 538 1
756 404 1
756 569 1
756 3109 1
756 5368 1
757 404 1
757 537 1
757 538 1
758 404 1
759 408 1
760 412 1
761 414 1
762 414 1
763 414 1
763 4986 1
764 414 1
765 414 1
766 414 1
767 414 1
768 414 1
769 415 1
770 418 1
771 422 1
772 423 1
772 904 1
772 908 1
772 1113 1
772 4204 1
773 426 1
773 774 1
774 426 1
775 434 1
775 735 1
775 1031 1
775 1734 1
775 1735 1
775 1829 1
775 2658 1
775 3048 1
775 3340 1
775 3341 1
775 4759 1
775 4902 1
775 4938 1
776 434 1
777 434 1
778 437 1
779 437 1
780 437 1
781 437 1
782 437 1
782 1204 1
782 1747 1
783 437 1
784 437 1
785 437 1
786 437 1
787 437 1
788 438 1
788 3878 1
789 438 1
790 438 1
791 438 1
792 440 1
793 440 1
793 3454 1
793 5817 1
794 440 1
795 440 1
795 3756 1
796 440 1
797 440 1
797 4834 1
798 440 1
799 440 1
800 441 1
800 2224 1
800 2226 1
800 2661 1
801 443 1
802 444 1
802 803 1
802 5526 1
802 5527 1
802 5716 1
803 444 1
804 459 1
805 466 1
805 3490 1
806 466 1
807 468 1
808 470 1
808 807 1
808 809 1
808 810 1
808 811 1
808 812 1
808 813 1
808 814 1
808 815 1
808 816 1
808 817 1
808 818 1
808 819 1
808 1228 1
808 1229 1
808 1230 1
808 1231 1
808 1232 1
808 1233 1
808 1234 1
808 1235 1
808 1236 1
808 1237 1
808 1238 1
809 470 1
810 470 1
811 470 1
812 470 1
813 470 1
814 470 1
815 470 1
816 470 1
817 470 1
818 470 1
819 470 1
820 477 1
820 4581 1
821 478 1
821 5807 1
822 478 1
822 821 1
823 480 1
824 486 1
824 4182 1
825 487 1
826 491 1
826 827 1
826 1242 1
826 2803 1
827 492 1
828 494 1
829 494 1
830 495 1
831 496 1
832 497 1
833 497 1
834 497 1
835 497 1
836 497 1
837 497 1
838 497 1
839 497 1
840 497 1
841 497 1
842 497 1
843 497 1
844 497 1
845 497 1
846 497 1
846 3282 1
847 497 1
848 497 1
849 497 1
850 497 1
851 498 1
852 508 1
853 509 1
854 510 1
854 515 1
855 511 1
856 512 1
857 515 1
858 528 1
859 530 1
860 533 1
861 535 1
862 535 1
863 536 1
864 536 1
865 536 1
866 536 1
866 865 1
867 536 1
868 537 1
869 537 1
870 537 1
871 537 1
871 1331 1
871 1798 1
871 2684 1
872 537 1
873 537 1
874 538 1
875 538 1
875 1476 1
876 538 1
877 538 1
878 538 1
878 876 1
879 538 1
879 1053 1
880 538 1
880 919 1
881 538 1
882 538 1
883 539 1
884 539 1
884 620 1
885 539 1
886 539 1
887 540 1
887 1784 1
887 2241 1
888 540 1
889 541 1
889 5115 1
890 541 1
890 5672 1
891 541 1
892 541 1
893 541 1
894 541 1
895 543 1
896 544 1
897 544 1
898 544 1
899 544 1
899 917 1
900 544 1
900 1191 1
900 1357 1
901 544 1
901 948 1
902 544 1
903 545 1
904 545 1
904 2692 1
904 3360 1
905 545 1
905 4835 1
906 545 1
907 545 1
908 545 1
909 545 1
909 2424 1
909 5147 1
910 545 1
911 547 1
912 548 1
913 549 1
914 552 1
915 553 1
916 553 1
916 603 1
917 553 1
917 2596 1
917 2934 1
917 3151 1
918 553 1
919 558 1
920 562 1
920 4940 1
920 5012 1
921 563 1
922 564 1
923 565 1
923 4185 1
924 566 1
924 615 1
924 617 1
924 618 1
924 621 1
924 4275 1
924 4352 1
924 4788 1
925 567 1
925 4776 1
926 568 1
927 568 1
928 569 1
928 2628 1
929 569 1
930 569 1
931 569 1
932 569 1
933 575 1
934 575 1
934 966 1
934 3295 1
934 3570 1
934 3694 1
935 575 1
935 1905 1
936 579 1
936 1665 1
937 580 1
937 1720 1
938 581 1
939 581 1
940 581 1
941 581 1
942 582 1
943 582 1
944 582 1
944 735 1
944 947 1
945 582 1
946 582 1
947 582 1
948 582 1
949 582 1
949 584 1
949 955 1
949 959 1
949 966 1
949 1482 1
950 582 1
950 4306 1
950 5092 1
951 582 1
952 582 1
953 582 1
954 582 1
955 582 1
956 582 1
957 582 1
958 582 1
959 583 1
960 584 1
961 584 1
962 584 1
963 584 1
964 584 1
965 584 1
966 584 1
967 584 1
968 584 1
969 584 1
970 584 1
971 584 1
972 584 1
973 584 1
974 584 1
975 584 1
976 584 1
977 584 1
978 584 1
979 584 1
980 584 1
981 584 1
982 584 1
983 584 1
984 584 1
985 584 1
986 584 1
987 584 1
988 584 1
989 584 1
990 584 1
991 584 1
992 584 1
993 584 1
994 584 1
995 584 1
996 585 1
997 587 1
998 592 1
999 592 1
999 5551 1
1000 594 1
1001 595 1
1002 599 1
1002 1495 1
1002 1943 1
1003 599 1
1003 5383 1
1004 599 1
1005 599 1
1006 599 1
1007 599 1
1008 599 1
1009 601 1
1010 603 1
1011 603 1
1012 603 1
1013 611 1
1014 614 1
1015 614 1
1016 614 1
1017 614 1
1018 614 1
1019 614 1
1020 614 1
1021 614 1
1022 616 1
1023 616 1
1024 616 1
1025 616 1
1026 616 1
1027 616 1
1028 616 1
1029 616 1
1030 616 1
1031 619 1
1032 620 1
1032 5213 1
1033 620 1
1034 620 1
1035 620 1
1036 620 1
1037 620 1
1037 1041 1
1038 620 1
1039 620 1
1040 620 1
1041 620 1
1042 620 1
1043 620 1
1044 624 1
1044 1137 1
1044 2117 1
1044 3749 1
1044 5100 1
1045 626 1
1045 5139 1
1046 626 1
1047 626 1
1048 626 1
1049 626 1
1050 626 1
1051 626 1
1052 626 1
1053 627 1
1054 628 1
1055 629 1
1056 631 1
1057 631 1
1058 631 1
1059 631 1
1060 631 1
1061 631 1
1062 631 1
1063 631 1
1064 631 1
1065 631 1
1066 631 1
1067 631 1
1068 633 1
1069 637 1
1070 640 1
1070 650 1
1070 1830 1
1070 2757 1
1070 3142 1
1071 641 1
1072 642 1
1073 642 1
1074 642 1
1075 642 1
1076 647 1
1076 5766 1
1077 655 1
1078 657 1
1079 658 1
1080 665 1
1081 669 1
1082 671 1
1083 673 1
1083 677 1
1083 1402 1
1083 5807 1
1084 673 1
1085 674 1
1086 676 1
1087 677 1
1088 679 1
1089 680 1
1089 2825 1
1090 681 1
1091 682 1
1091 4998 1
1092 683 1
1092 2652 1
1092 4076 1
1093 684 1
1094 685 1
1095 685 1
1095 1575 1
1095 1579 1
1095 1580 1
1095 1582 1
1096 688 1
1097 688 1
1097 4984 1
1098 691 1
1099 696 1
1100 696 1
1101 698 1
1102 698 1
1103 701 1
1104 706 1
1105 709 1
1106 710 1
1107 711 1
1108 712 1
1109 715 1
1110 715 1
1110 1109 1
1111 716 1
1112 716 1
1113 718 1
1114 718 1
1115 719 1
1116 722 1
1117 723 1
1118 725 1
1119 725 1
1120 733 1
1121 733 1
1121 2134 1
1122 733 1
1123 735 1
1124 735 1
1124 1127 1
1124 2928 1
1125 735 1
1125 1627 1
1126 735 1
1126 754 1
1126 1127 1
1126 1155 1
1126 1680 1
1127 735 1
1128 735 1
1128 1127 1
1128 1551 1
1129 735 1
1129 2697 1
1130 735 1
1131 735 1
1132 735 1
1133 735 1
1134 735 1
1134 1127 1
1135 736 1
1135 771 1
1135 1640 1
1135 1763 1
1135 2661 1
1135 2694 1
1135 2993 1
1135 3353 1
1135 3549 1
1135 4012 1
1135 4155 1
1135 5168 1
1135 5390 1
1135 5640 1
1135 5650 1
1136 739 1
1136 1494 1
1136 3754 1
1136 5298 1
1136 5551 1
1137 740 1
1138 742 1
1139 748 1
1140 749 1
1140 3089 1
1140 3334 1
1140 3591 1
1141 750 1
1142 750 1
1143 750 1
1144 750 1
1145 750 1
1146 750 1
1147 750 1
1148 750 1
1149 750 1
1149 751 1
1150 751 1
1151 751 1
1152 753 1
1153 753 1
1154 754 1
1155 754 1
1156 754 1
1157 754 1
1158 754 1
1158 4230 1
1159 754 1
1160 754 1
1161 754 1
1162 754 1
1163 754 1
1164 760 1
1165 761 1
1165 1551 1
1166 762 1
1167 763 1
1167 4929 1
1168 764 1
1169 764 1
1170 764 1
1170 1174 1
1171 764 1
1172 764 1
1173 764 1
1174 764 1
1175 764 1
1176 765 1
1177 765 1
1178 765 1
1179 765 1
1180 765 1
1181 766 1
1182 766 1
1183 767 1
1184 770 1
1185 771 1
1186 771 1
1186 4902 1
1186 5037 1
1186 5097 1
1187 771 1
1188 771 1
1189 771 1
1190 771 1
1190 1331 1
1190 1628 1
1190 2230 1
1191 771 1
1191 2132 1
1192 773 1
1193 776 1
1194 776 1
1194 2457 1
1194 4322 1
1195 776 1
1196 776 1
1197 776 1
1198 776 1
1198 1196 1
1199 777 1
1199 1735 1
1199 2216 1
1199 4612 1
1200 777 1
1201 778 1
1201 1202 1
1202 778 1
1203 779 1
1204 782 1
1205 783 1
1206 785 1
1207 788 1
1207 1824 1
1207 3878 1
1208 792 1
1208 3601 1
1208 3652 1
1208 4325 1
1208 4359 1
1209 793 1
1209 895 1
1209 5817 1
1210 794 1
1211 796 1
1212 796 1
1213 796 1
1214 796 1
1215 796 1
1216 796 1
1217 798 1
1218 799 1
1219 800 1
1219 2661 1
1220 800 1
1221 800 1
1222 800 1
1222 2633 1
1223 800 1
1224 800 1
1225 805 1
1226 805 1
1226 1225 1
1227 806 1
1228 807 1
1229 807 1
1230 807 1
1231 807 1
1232 807 1
1233 807 1
1234 807 1
1235 807 1
1236 807 1
1237 807 1
1238 807 1
1239 827 1
1240 827 1
1241 827 1
1242 827 1
1243 828 1
1244 829 1
1245 832 1
1246 832 1
1247 832 1
1248 837 1
1249 837 1
1250 837 1
1251 837 1
1252 837 1
1253 837 1
1254 837 1
1255 837 1
1256 837 1
1257 837 1
1258 837 1
1259 837 1
1260 837 1
1261 837 1
1262 837 1
1263 837 1
1264 837 1
1265 837 1
1266 837 1
1267 839 1
1267 2424 1
1268 839 1
1269 840 1
1270 842 1
1271 843 1
1272 848 1
1273 855 1
1273 5371 1
1274 855 1
1275 855 1
1276 855 1
1277 855 1
1277 1768 1
1278 855 1
1279 855 1
1280 856 1
1280 4721 1
1281 857 1
1282 865 1
1283 865 1
1284 866 1
1284 891 1
1284 3612 1
1285 871 1
1286 871 1
1286 1874 1
1286 2596 1
1286 3074 1
1286 3282 1
1287 871 1
1287 1288 1
1288 871 1
1289 871 1
1290 872 1
1291 874 1
1291 2817 1
1291 3182 1
1292 874 1
1293 881 1
1294 881 1
1295 883 1
1296 885 1
1297 886 1
1298 886 1
1299 886 1
1300 887 1
1301 887 1
1302 887 1
1303 887 1
1304 887 1
1305 887 1
1306 888 1
1307 892 1
1307 4151 1
1308 895 1
1308 1209 1
1309 895 1
1309 948 1
1309 2134 1
1310 895 1
1311 895 1
1312 895 1
1313 896 1
1313 1590 1
1313 1859 1
1313 2694 1
1313 3081 1
1313 3360 1
1313 3613 1
1313 3614 1
1313 3615 1
1313 3616 1
1313 3617 1
1313 3619 1
1313 3620 1
1313 4309 1
1313 4759 1
1314 897 1
1314 1832 1
1314 2661 1
1314 3741 1
1314 5473 1
1315 897 1
1316 897 1
1317 897 1
1318 897 1
1319 897 1
1320 897 1
1321 897 1
1322 897 1
1323 897 1
1324 897 1
1325 897 1
1326 897 1
1327 897 1
1328 897 1
1329 897 1
1330 905 1
1331 905 1
1331 3472 1
1331 3663 1
1331 3993 1
1331 5115 1
1331 5219 1
1332 905 1
1333 905 1
1334 905 1
1335 905 1
1336 905 1
1337 905 1
1338 905 1
1339 905 1
1340 905 1
1341 905 1
1342 905 1
1343 905 1
1343 1330 1
1344 905 1
1345 905 1
1345 2915 1
1345 3551 1
1346 905 1
1346 5136 1
1347 905 1
1347 2348 1
1348 905 1
1349 905 1
1350 905 1
1351 905 1
1352 905 1
1353 905 1
1354 905 1
1355 905 1
1356 905 1
1357 907 1
1358 910 1
1359 915 1
1360 917 1
1360 1161 1
1360 1610 1
1360 1655 1
1360 1681 1
1360 5804 1
1361 917 1
1362 917 1
1363 919 1
1364 919 1
1365 919 1
1366 919 1
1367 919 1
1368 919 1
1369 919 1
1370 919 1
1371 919 1
1372 919 1
1373 919 1
1373 1156 1
1374 919 1
1375 919 1
1376 919 1
1377 923 1
1378 926 1
1379 926 1
1379 1401 1
1380 926 1
1381 926 1
1382 926 1
1383 926 1
1384 926 1
1385 926 1
1386 926 1
1387 926 1
1388 926 1
1389 926 1
1390 926 1
1391 926 1
1392 926 1
1393 926 1
1394 926 1
1395 926 1
1396 926 1
1397 926 1
1398 926 1
1399 926 1
1400 926 1
1401 927 1
1402 928 1
1402 1222 1
1402 4838 1
1402 5636 1
1403 929 1
1404 930 1
1405 930 1
1406 930 1
1406 1600 1
1407 930 1
1408 930 1
1409 930 1
1409 1613 1
1410 930 1
1410 1888 1
1411 930 1
1412 930 1
1413 930 1
1414 931 1
1415 931 1
1415 1414 1
1415 1416 1
1415 1417 1
1415 1418 1
1415 1419 1
1415 1420 1
1415 1421 1
1415 1422 1
1415 1423 1
1415 1424 1
1415 1425 1
1415 1426 1
1415 1427 1
1415 1428 1
1415 1429 1
1415 1430 1
1415 1431 1
1415 1432 1
1415 1433 1
1415 1434 1
1415 1435 1
1415 1436 1
1415 1437 1
1415 1438 1
1415 1439 1
1415 1440 1
1415 1441 1
1415 1442 1
1415 1443 1
1415 1444 1
1415 1445 1
1415 1446 1
1416 931 1
1417 931 1
1418 931 1
1419 931 1
1420 931 1
1421 931 1
1422 931 1
1423 931 1
1424 931 1
1425 931 1
1426 931 1
1427 931 1
1428 931 1
1429 931 1
1430 931 1
1431 931 1
1432 931 1
1433 931 1
1434 931 1
1435 931 1
1436 931 1
1437 931 1
1438 931 1
1439 931 1
1440 931 1
1441 931 1
1442 931 1
1443 931 1
1444 931 1
1445 931 1
1446 931 1
1447 932 1
1448 932 1
1448 2731 1
1449 932 1
1450 932 1
1451 933 1
1451 935 1
1451 2248 1
1452 934 1
1452 1899 1
1452 2402 1
1452 3539 1
1453 938 1
1453 1453 1
1453 1763 1
1453 1829 1
1453 1836 1
1453 2167 1
1453 2596 1
1453 2661 1
1453 2993 1
1453 3340 1
1453 3472 1
1453 4097 1
1453 5338 1
1453 5444 1
1453 5446 1
1453 5465 1
1453 5584 1
1453 5640 1
1453 5720 1
1454 940 1
1455 942 1
1456 942 1
1456 1455 1
1457 942 1
1458 942 1
1459 942 1
1460 942 1
1461 942 1
1462 942 1
1463 943 1
1464 943 1
1465 944 1
1465 1483 1
1466 945 1
1467 946 1
1468 947 1
1469 947 1
1470 948 1
1471 948 1
1471 4491 1
1472 948 1
1473 948 1
1474 948 1
1475 951 1
1476 951 1
1476 1920 1
1477 951 1
1478 951 1
1479 951 1
1480 951 1
1481 951 1
1482 955 1
1483 959 1
1484 961 1
1485 962 1
1485 3455 1
1486 963 1
1487 966 1
1488 968 1
1489 971 1
1490 976 1
1491 979 1
1492 993 1
1493 997 1
1493 1640 1
1493 1643 1
1493 2144 1
1493 5238 1
1494 998 1
1494 2167 1
1495 1002 1
1496 1002 1
1497 1002 1
1498 1003 1
1499 1004 1
1500 1004 1
1501 1005 1
1502 1007 1
1503 1008 1
1504 1009 1
1505 1011 1
1505 5171 1
1506 1011 1
1506 1508 1
1507 1011 1
1508 1011 1
1509 1011 1
1510 1012 1
1511 1032 1
1512 1040 1
1513 1043 1
1514 1046 1
1514 1049 1
1514 5031 1
1515 1046 1
1516 1046 1
1517 1046 1
1518 1046 1
1519 1046 1
1520 1047 1
1521 1048 1
1522 1048 1
1523 1048 1
1524 1049 1
1525 1049 1
1526 1049 1
1527 1049 1
1528 1052 1
1529 1052 1
1530 1053 1
1531 1055 1
1532 1056 1
1533 1056 1
1534 1057 1
1535 1057 1
1535 1534 1
1536 1058 1
1537 1060 1
1538 1061 1
1539 1064 1
1540 1064 1
1540 1539 1
1540 1977 1
1540 2474 1
1541 1064 1
1542 1064 1
1543 1064 1
1544 1082 1
1545 1092 1
1545 1546 1
1545 2014 1
1545 5303 1
1545 5849 1
1546 1092 1
1546 2382 1
1546 5849 1
1547 1094 1
1548 1094 1
1549 1094 1
1550 1094 1
1551 1094 1
1552 1094 1
1553 1094 1
1554 1094 1
1555 1094 1
1555 4012 1
1556 1094 1
1556 1345 1
1557 1094 1
1558 1094 1
1558 1581 1
1559 1094 1
1559 1894 1
1560 1094 1
1561 1094 1
1562 1094 1
1563 1094 1
1564 1094 1
1565 1094 1
1566 1094 1
1567 1094 1
1568 1094 1
1569 1094 1
1570 1094 1
1571 1094 1
1572 1094 1
1573 1094 1
1574 1094 1
1575 1094 1
1576 1094 1
1577 1094 1
1578 1094 1
1579 1094 1
1580 1094 1
1581 1094 1
1582 1094 1
1583 1095 1
1584 1095 1
1585 1095 1
1586 1095 1
1587 1095 1
1588 1095 1
1589 1095 1
1590 1095 1
1591 1095 1
1592 1095 1
1592 4673 1
1593 1095 1
1594 1095 1
1595 1095 1
1596 1095 1
1597 1095 1
1598 1095 1
1599 1095 1
1600 1095 1
1601 1095 1
1601 5022 1
1602 1095 1
1603 1095 1
1604 1095 1
1604 5094 1
1604 5331 1
1605 1095 1
1606 1095 1
1607 1095 1
1608 1095 1
1609 1099 1
1610 1101 1
1610 1102 1
1610 1775 1
1610 2239 1
1611 1105 1
1612 1105 1
1613 1105 1
1614 1105 1
1615 1105 1
1616 1109 1
1617 1109 1
1618 1109 1
1619 1111 1
1620 1114 1
1621 1116 1
1622 1119 1
1623 1120 1
1624 1120 1
1625 1120 1
1626 1120 1
1627 1122 1
1628 1123 1
1628 2255 1
1629 1126 1
1629 1161 1
1629 1360 1
1629 1873 1
1629 3716 1
1629 5804 1
1630 1127 1
1630 1132 1
1630 4984 1
1631 1128 1
1631 1633 1
1632 1128 1
1632 1134 1
1632 4212 1
1633 1128 1
1634 1129 1
1635 1130 1
1636 1131 1
1637 1131 1
1638 1131 1
1639 1132 1
1639 3714 1
1639 4984 1
1640 1132 1
1640 3468 1
1640 3669 1
1640 3716 1
1641 1132 1
1642 1132 1
1642 5141 1
1643 1132 1
1644 1133 1
1645 1137 1
1645 1186 1
1645 5231 1
1645 5336 1
1646 1137 1
1646 4811 1
1647 1137 1
1648 1137 1
1649 1140 1
1650 1148 1
1651 1154 1
1652 1154 1
1653 1154 1
1654 1155 1
1655 1155 1
1656 1155 1
1657 1155 1
1658 1155 1
1659 1155 1
1660 1155 1
1661 1155 1
1662 1155 1
1663 1155 1
1664 1155 1
1665 1156 1
1665 2590 1
1666 1156 1
1667 1156 1
1668 1156 1
1669 1156 1
1670 1156 1
1671 1156 1
1672 1156 1
1673 1156 1
1674 1156 1
1675 1157 1
1675 1161 1
1675 1680 1
1676 1160 1
1677 1161 1
1677 1589 1
1677 5468 1
1678 1161 1
1678 2156 1
1679 1161 1
1680 1161 1
1680 2168 1
1681 1161 1
1681 1610 1
1682 1162 1
1682 1655 1
1682 1675 1
1682 1679 1
1682 3779 1
1682 4284 1
1683 1163 1
1683 4029 1
1684 1163 1
1685 1165 1
1685 3773 1
1686 1171 1
1687 1172 1
1688 1179 1
1689 1184 1
1690 1185 1
1691 1187 1
1691 1331 1
1691 1637 1
1691 1697 1
1691 5559 1
1691 5828 1
1692 1187 1
1693 1187 1
1693 4552 1
1693 5849 1
1694 1187 1
1694 5589 1
1695 1187 1
1695 5589 1
1696 1187 1
1696 5589 1
1697 1187 1
1698 1187 1
1699 1188 1
1700 1188 1
1701 1188 1
1702 1188 1
1703 1188 1
1704 1188 1
1705 1188 1
1706 1188 1
1707 1188 1
1708 1190 1
1708 1709 1
1709 1190 1
1710 1191 1
1711 1191 1
1712 1191 1
1713 1191 1
1714 1191 1
1715 1191 1
1716 1191 1
1717 1191 1
1718 1191 1
1719 1191 1
1720 1191 1
1721 1191 1
1722 1191 1
1723 1191 1
1724 1191 1
1725 1191 1
1726 1191 1
1727 1191 1
1728 1191 1
1729 1191 1
1730 1195 1
1731 1195 1
1732 1195 1
1733 1197 1
1734 1199 1
1734 4612 1
1735 1200 1
1736 1200 1
1737 1200 1
1738 1200 1
1739 1200 1
1740 1201 1
1741 1201 1
1741 3042 1
1742 1201 1
1743 1201 1
1744 1201 1
1745 1201 1
1746 1203 1
1747 1204 1
1748 1209 1
1749 1211 1
1750 1211 1
1751 1222 1
1752 1222 1
1753 1224 1
1754 1226 1
1754 1769 1
1754 2111 1
1754 2231 1
1754 2232 1
1754 2234 1
1754 2663 1
1755 1244 1
1756 1245 1
1757 1246 1
1758 1246 1
1759 1249 1
1759 2382 1
1759 5849 1
1760 1250 1
1761 1252 1
1762 1254 1
1763 1267 1
1763 1268 1
1763 1269 1
1764 1270 1
1765 1275 1
1766 1276 1
1767 1277 1
1767 1768 1
1768 1277 1
1769 1277 1
1770 1278 1
1771 1278 1
1772 1278 1
1773 1278 1
1774 1278 1
1775 1278 1
1776 1278 1
1777 1278 1
1778 1278 1
1779 1282 1
1780 1284 1
1781 1287 1
1781 1288 1
1781 3354 1
1782 1291 1
1783 1306 1
1783 1447 1
1783 4138 1
1784 1306 1
1785 1308 1
1786 1309 1
1786 1471 1
1786 2134 1
1786 2660 1
1786 5193 1
1787 1313 1
1787 3618 1
1788 1314 1
1788 1453 1
1788 2349 1
1788 3109 1
1788 3519 1
1788 5689 1
1789 1319 1
1790 1324 1
1791 1326 1
1792 1326 1
1793 1326 1
1794 1326 1
1794 1793 1
1795 1328 1
1795 2245 1
1796 1330 1
1796 2164 1
1796 2165 1
1797 1330 1
1797 2250 1
1797 3956 1
1797 4244 1
1798 1330 1
1799 1330 1
1799 1332 1
1799 1852 1
1800 1330 1
1801 1330 1
1802 1330 1
1802 1610 1
1802 2239 1
1802 2442 1
1803 1330 1
1803 2267 1
1804 1330 1
1805 1330 1
1806 1330 1
1807 1330 1
1808 1330 1
1809 1330 1
1809 1510 1
1810 1330 1
1811 1330 1
1812 1330 1
1813 1330 1
1814 1330 1
1815 1330 1
1816 1331 1
1816 3759 1
1817 1331 1
1818 1331 1
1819 1331 1
1820 1331 1
1821 1331 1
1822 1331 1
1823 1331 1
1824 1331 1
1825 1332 1
1825 1608 1
1825 1658 1
1825 3225 1
1825 3739 1
1825 4195 1
1825 5099 1
1825 5165 1
1826 1334 1
1827 1334 1
1828 1341 1
1829 1345 1
1830 1345 1
1830 1848 1
1830 2324 1
1830 2915 1
1831 1345 1
1831 1842 1
1832 1345 1
1832 1842 1
1833 1345 1
1833 1842 1
1834 1345 1
1834 1842 1
1834 2915 1
1835 1345 1
1836 1345 1
1836 1842 1
1837 1345 1
1837 1842 1
1838 1345 1
1838 2915 1
1839 1345 1
1839 1842 1
1840 1345 1
1841 1345 1
1842 1345 1
1842 2319 1
1842 2751 1
1843 1345 1
1844 1345 1
1845 1345 1
1846 1346 1
1847 1347 1
1848 1349 1
1849 1349 1
1850 1349 1
1851 1349 1
1852 1350 1
1853 1350 1
1854 1352 1
1855 1352 1
1855 1854 1
1856 1357 1
1857 1357 1
1857 1863 1
1858 1357 1
1859 1357 1
1859 1861 1
1860 1357 1
1860 1863 1
1861 1357 1
1861 1856 1
1861 1858 1
1861 2341 1
1861 2342 1
1862 1357 1
1863 1357 1
1864 1357 1
1865 1357 1
1866 1357 1
1867 1357 1
1868 1357 1
1869 1360 1
1870 1360 1
1871 1360 1
1871 1578 1
1871 2064 1
1871 2349 1
1871 2350 1
1872 1360 1
1873 1360 1
1874 1360 1
1875 1360 1
1875 1803 1
1875 4564 1
1876 1360 1
1877 1360 1
1878 1360 1
1879 1363 1
1880 1364 1
1880 2353 1
1881 1402 1
1881 4814 1
1881 5636 1
1882 1403 1
1883 1403 1
1884 1403 1
1884 1554 1
1884 2366 1
1885 1403 1
1885 2361 1
1885 2366 1
1886 1403 1
1886 2366 1
1887 1410 1
1888 1411 1
1889 1447 1
1889 1449 1
1889 1891 1
1889 1892 1
1889 1894 1
1889 1896 1
1890 1447 1
1890 1889 1
1891 1447 1
1892 1447 1
1893 1447 1
1894 1447 1
1895 1447 1
1896 1449 1
1897 1450 1
1897 1898 1
1898 1450 1
1899 1451 1
1900 1453 1
1901 1453 1
1902 1453 1
1903 1453 1
1904 1453 1
1905 1453 1
1906 1453 1
1907 1453 1
1908 1453 1
1909 1454 1
1910 1454 1
1911 1454 1
1912 1454 1
1913 1454 1
1913 1894 1
1913 2457 1
1913 2606 1
1914 1454 1
1915 1468 1
1916 1469 1
1917 1470 1
1918 1476 1
1919 1476 1
1920 1476 1
1921 1476 1
1922 1477 1
1923 1477 1
1924 1477 1
1925 1477 1
1926 1477 1
1927 1477 1
1928 1477 1
1929 1477 1
1930 1480 1
1931 1484 1
1931 5530 1
1932 1484 1
1933 1485 1
1934 1485 1
1935 1485 1
1936 1485 1
1937 1485 1
1938 1485 1
1939 1485 1
1940 1485 1
1941 1490 1
1942 1493 1
1943 1495 1
1944 1495 1
1945 1495 1
1946 1498 1
1947 1500 1
1948 1503 1
1949 1509 1
1950 1510 1
1950 2683 1
1950 3444 1
1950 4097 1
1951 1510 1
1952 1510 1
1953 1510 1
1954 1510 1
1955 1510 1
1956 1514 1
1957 1514 1
1958 1516 1
1958 1524 1
1958 1957 1
1958 5096 1
1959 1516 1
1959 1524 1
1959 1957 1
1959 5096 1
1960 1516 1
1961 1517 1
1962 1518 1
1963 1521 1
1964 1521 1
1965 1521 1
1966 1524 1
1966 1527 1
1967 1527 1
1968 1527 1
1968 1967 1
1969 1527 1
1969 1967 1
1970 1527 1
1971 1529 1
1972 1529 1
1973 1537 1
1974 1538 1
1975 1540 1
1976 1540 1
1977 1542 1
1978 1542 1
1979 1546 1
1979 5563 1
1979 5849 1
1980 1546 1
1981 1546 1
1982 1546 1
1983 1546 1
1984 1546 1
1985 1546 1
1986 1546 1
1987 1547 1
1988 1548 1
1989 1549 1
1990 1550 1
1991 1551 1
1992 1551 1
1993 1551 1
1993 2690 1
1993 3225 1
1993 5147 1
1994 1551 1
1995 1551 1
1996 1551 1
1997 1551 1
1997 2863 1
1997 3455 1
1997 3542 1
1997 4000 1
1997 4803 1
1998 1551 1
1998 5631 1
1999 1551 1
2000 1551 1
2001 1551 1
2002 1551 1
2003 1551 1
2004 1551 1
2005 1551 1
2006 1551 1
2007 1551 1
2008 1551 1
2009 1551 1
2010 1551 1
2011 1551 1
2012 1551 1
2012 5099 1
2012 5272 1
2012 5362 1
2012 5548 1
2013 1551 1
2014 1551 1
2014 5849 1
2015 1551 1
2016 1551 1
2017 1551 1
2018 1551 1
2019 1551 1
2020 1551 1
2021 1551 1
2022 1551 1
2023 1551 1
2024 1551 1
2025 1551 1
2026 1551 1
2027 1551 1
2028 1551 1
2029 1551 1
2030 1551 1
2031 1551 1
2032 1551 1
2033 1552 1
2034 1552 1
2035 1553 1
2036 1555 1
2037 1556 1
2038 1556 1
2039 1557 1
2039 2040 1
2040 1557 1
2041 1558 1
2042 1560 1
2043 1561 1
2044 1563 1
2045 1565 1
2046 1566 1
2047 1566 1
2048 1566 1
2049 1566 1
2050 1566 1
2051 1567 1
2052 1568 1
2053 1568 1
2053 1578 1
2053 2064 1
2054 1568 1
2054 2526 1
2055 1569 1
2056 1570 1
2057 1571 1
2057 1583 1
2058 1571 1
2058 1583 1
2059 1572 1
2059 2060 1
2060 1572 1
2061 1574 1
2062 1576 1
2063 1576 1
2064 1578 1
2065 1584 1
2066 1584 1
2067 1584 1
2068 1588 1
2069 1588 1
2070 1591 1
2071 1591 1
2071 2073 1
2071 2949 1
2071 5088 1
2072 1591 1
2073 1591 1
2074 1591 1
2075 1591 1
2076 1591 1
2077 1593 1
2078 1595 1
2079 1595 1
2080 1596 1
2081 1596 1
2082 1597 1
2083 1598 1
2084 1599 1
2085 1600 1
2085 3453 1
2086 1600 1
2087 1600 1
2088 1600 1
2088 4497 1
2088 4753 1
2089 1600 1
2089 5236 1
2090 1600 1
2091 1600 1
2092 1600 1
2093 1601 1
2093 2094 1
2094 1601 1
2095 1602 1
2096 1603 1
2097 1603 1
2098 1604 1
2099 1605 1
2099 2100 1
2100 1605 1
2101 1606 1
2101 1819 1
2101 2102 1
2102 1606 1
2103 1607 1
2104 1608 1
2105 1608 1
2105 2104 1
2105 2106 1
2105 2107 1
2106 1608 1
2107 1608 1
2108 1609 1
2109 1609 1
2110 1610 1
2110 2239 1
2111 1610 1
2111 1766 1
2112 1610 1
2113 1610 1
2114 1611 1
2114 2118 1
2115 1611 1
2116 1611 1
2117 1611 1
2118 1611 1
2119 1613 1
2119 3453 1
2120 1613 1
2121 1613 1
2122 1613 1
2123 1613 1
2124 1613 1
2125 1613 1
2126 1613 1
2127 1615 1
2128 1624 1
2128 4203 1
2128 4492 1
2129 1626 1
2130 1630 1
2130 1641 1
2130 1642 1
2130 4926 1
2131 1635 1
2132 1636 1
2133 1637 1
2133 1871 1
2133 2349 1
2134 1637 1
2134 2139 1
2134 2580 1
2135 1637 1
2136 1637 1
2137 1637 1
2137 5689 1
2138 1637 1
2139 1637 1
2140 1637 1
2141 1637 1
2141 4144 1
2142 1637 1
2143 1638 1
2144 1640 1
2145 1641 1
2146 1641 1
2147 1641 1
2148 1641 1
2149 1641 1
2149 5249 1
2150 1641 1
2150 2007 1
2151 1644 1
2152 1647 1
2153 1653 1
2154 1654 1
2155 1654 1
2156 1655 1
2157 1656 1
2158 1658 1
2159 1666 1
2160 1666 1
2161 1666 1
2162 1668 1
2162 2592 1
2162 2593 1
2163 1670 1
2163 2594 1
2164 1671 1
2165 1671 1
2166 1677 1
2166 5612 1
2166 5626 1
2166 5731 1
2167 1680 1
2168 1680 1
2169 1686 1
2170 1687 1
2171 1698 1
2172 1698 1
2173 1711 1
2174 1714 1
2175 1715 1
2176 1715 1
2177 1715 1
2178 1715 1
2179 1715 1
2180 1715 1
2181 1715 1
2182 1715 1
2183 1715 1
2184 1716 1
2184 2285 1
2184 5583 1
2184 5736 1
2185 1718 1
2186 1718 1
2187 1721 1
2188 1722 1
2189 1725 1
2190 1726 1
2191 1726 1
2192 1727 1
2193 1727 1
2193 2187 1
2193 2639 1
2194 1730 1
2195 1730 1
2196 1730 1
2197 1730 1
2198 1730 1
2199 1730 1
2200 1731 1
2200 1732 1
2201 1733 1
2202 1733 1
2203 1733 1
2204 1734 1
2204 2647 1
2204 3045 1
2205 1734 1
2205 1735 1
2206 1734 1
2206 1735 1
2207 1734 1
2208 1734 1
2209 1734 1
2209 1735 1
2210 1735 1
2211 1736 1
2211 2212 1
2211 2214 1
2211 5283 1
2212 1736 1
2213 1737 1
2214 1738 1
2215 1738 1
2215 3755 1
2216 1739 1
2216 2218 1
2217 1739 1
2218 1739 1
2219 1742 1
2220 1742 1
2220 2219 1
2221 1744 1
2221 2222 1
2222 1744 1
2223 1745 1
2224 1752 1
2225 1753 1
2225 5283 1
2226 1753 1
2227 1759 1
2228 1763 1
2228 2993 1
2228 3721 1
2228 3878 1
2228 3926 1
2228 3927 1
2229 1763 1
2229 4094 1
2230 1764 1
2231 1766 1
2232 1766 1
2233 1766 1
2234 1766 1
2235 1766 1
2236 1766 1
2237 1766 1
2238 1766 1
2239 1771 1
2240 1782 1
2241 1784 1
2242 1786 1
2243 1790 1
2244 1792 1
2245 1795 1
2245 1819 1
2245 2288 1
2246 1795 1
2246 2245 1
2246 2661 1
2246 3056 1
2247 1796 1
2248 1796 1
2248 1905 1
2249 1797 1
2250 1797 1
2251 1798 1
2252 1798 1
2253 1798 1
2254 1801 1
2255 1801 1
2255 3716 1
2256 1801 1
2257 1801 1
2258 1801 1
2259 1801 1
2260 1801 1
2261 1802 1
2261 5788 1
2262 1802 1
2263 1802 1
2264 1802 1
2265 1802 1
2266 1802 1
2267 1803 1
2267 4024 1
2267 4025 1
2268 1803 1
2269 1803 1
2270 1803 1
2271 1803 1
2272 1803 1
2273 1803 1
2274 1803 1
2275 1807 1
2276 1807 1
2277 1807 1
2278 1807 1
2279 1811 1
2280 1813 1
2281 1816 1
2282 1816 1
2283 1816 1
2284 1816 1
2285 1817 1
2285 2286 1
2286 1817 1
2287 1817 1
2287 2286 1
2288 1819 1
2289 1819 1
2290 1819 1
2291 1819 1
2292 1819 1
2292 2291 1
2292 2717 1
2293 1819 1
2294 1819 1
2295 1819 1
2296 1820 1
2296 2297 1
2297 1820 1
2298 1822 1
2299 1824 1
2300 1824 1
2300 3519 1
2300 5528 1
2301 1824 1
2302 1824 1
2303 1825 1
2304 1826 1
2305 1831 1
2306 1831 1
2307 1831 1
2308 1831 1
2309 1832 1
2310 1832 1
2311 1833 1
2312 1834 1
2312 2318 1
2312 2322 1
2313 1835 1
2313 2330 1
2314 1835 1
2314 2330 1
2315 1836 1
2316 1836 1
2317 1836 1
2318 1837 1
2319 1838 1
2320 1838 1
2321 1838 1
2322 1840 1
2322 1845 1
2323 1841 1
2323 2326 1
2323 3141 1
2324 1842 1
2324 4389 1
2325 1842 1
2326 1842 1
2327 1842 1
2328 1842 1
2328 2751 1
2329 1842 1
2330 1842 1
2331 1842 1
2332 1842 1
2332 2325 1
2333 1844 1
2334 1844 1
2335 1846 1
2336 1848 1
2337 1848 1
2338 1849 1
2339 1850 1
2340 1850 1
2340 2981 1
2341 1357 1
2341 1863 1
2342 1863 1
2343 1863 1
2344 1863 1
2345 2346 1
2346 1357 1
2346 1863 1
2347 1870 1
2347 5778 1
2347 5779 1
2348 1870 1
2348 2029 1
2348 2949 1
2348 3490 1
2348 5090 1
2348 5278 1
2348 5533 1
2349 1871 1
2350 1871 1
2351 1874 1
2352 1874 1
2353 1880 1
2354 1881 1
2355 1881 1
2356 1885 1
2356 2358 1
2357 1885 1
2358 1885 1
2359 1885 1
2360 1885 1
2361 1885 1
2361 2358 1
2362 1886 1
2363 1888 1
2364 1889 1
2364 2401 1
2365 1890 1
2365 1956 1
2365 2262 1
2365 2464 1
2365 2993 1
2365 3868 1
2365 4434 1
2365 5091 1
2365 5092 1
2365 5374 1
2365 5517 1
2366 1890 1
2366 2262 1
2367 1890 1
2367 2262 1
2368 1890 1
2369 1890 1
2370 1890 1
2371 1890 1
2372 1890 1
2373 1891 1
2374 1891 1
2375 1891 1
2376 1891 1
2376 1892 1
2377 1891 1
2378 1891 1
2379 1892 1
2380 1892 1
2381 1894 1
2382 1894 1
2383 1894 1
2384 1894 1
2385 1894 1
2386 1894 1
2387 1894 1
2388 1894 1
2389 1895 1
2390 1895 1
2391 1895 1
2392 1895 1
2393 1896 1
2394 1896 1
2395 1896 1
2395 3753 1
2396 1896 1
2397 1896 1
2398 1896 1
2399 1896 1
2400 1897 1
2401 1897 1
2402 1899 1
2403 1900 1
2404 1902 1
2405 1903 1
2406 1904 1
2406 3473 1
2407 1906 1
2408 1907 1
2409 1908 1
2410 1909 1
2410 2411 1
2411 1909 1
2412 1911 1
2413 1913 1
2413 1914 1
2414 1913 1
2415 1913 1
2416 1913 1
2417 1913 1
2418 1913 1
2419 1913 1
2420 1918 1
2420 4833 1
2420 4942 1
2421 1920 1
2422 1920 1
2423 1922 1
2424 1922 1
2424 1923 1
2424 1926 1
2424 1927 1
2424 1928 1
2424 1929 1
2425 1922 1
2426 1922 1
2426 2424 1
2427 1923 1
2428 1923 1
2429 1923 1
2430 1924 1
2430 1925 1
2430 2382 1
2430 2424 1
2430 2426 1
2431 1924 1
2431 1925 1
2431 2424 1
2431 2426 1
2432 1926 1
2433 1926 1
2434 1927 1
2435 1927 1
2436 1927 1
2437 1928 1
2438 1928 1
2439 1929 1
2440 1929 1
2441 1931 1
2441 2457 1
2441 5378 1
2441 5530 1
2442 1931 1
2442 5530 1
2443 1931 1
2443 5678 1
2444 1931 1
2445 1931 1
2446 1931 1
2447 1931 1
2448 1931 1
2449 1931 1
2450 1931 1
2451 1931 1
2451 2451 1
2451 5749 1
2452 1931 1
2453 1931 1
2453 4006 1
2453 4007 1
2454 1931 1
2455 1931 1
2456 1931 1
2457 1931 1
2458 1931 1
2459 1934 1
2460 1935 1
2461 1948 1
2462 1948 1
2463 1949 1
2464 1956 1
2465 1956 1
2466 1956 1
2467 1960 1
2468 1961 1
2469 1967 1
2470 1967 1
2471 1967 1
2472 1969 1
2473 1970 1
2474 1977 1
2475 1980 1
2476 1980 1
2477 1980 1
2478 1981 1
2479 1987 1
2480 1991 1
2481 1992 1
2481 2025 1
2482 1992 1
2483 1993 1
2484 1994 1
2484 3363 1
2484 5005 1
2484 5105 1
2484 5106 1
2484 5798 1
2485 1995 1
2486 1996 1
2486 3455 1
2487 1998 1
2487 5631 1
2488 1999 1
2489 2000 1
2490 2000 1
2491 2001 1
2492 2002 1
2493 2004 1
2494 2005 1
2495 2006 1
2496 2008 1
2497 2008 1
2497 2496 1
2497 2926 1
2498 2009 1
2499 2010 1
2500 2011 1
2501 2013 1
2502 2014 1
2502 5303 1
2503 2015 1
2503 2928 1
2504 2016 1
2504 4988 1
2505 2017 1
2506 2018 1
2507 2019 1
2508 2021 1
2509 2021 1
2510 2022 1
2511 2023 1
2512 2025 1
2513 2027 1
2514 2027 1
2515 2029 1
2515 3085 1
2516 2029 1
2517 2030 1
2518 2031 1
2519 2032 1
2520 2039 1
2520 2040 1
2521 2041 1
2522 2044 1
2523 2045 1
2524 2052 1
2525 2052 1
2526 2053 1
2527 2053 1
2528 2055 1
2529 2057 1
2530 2061 1
2530 2290 1
2531 2063 1
2532 2063 1
2533 2064 1
2533 3106 1
2533 3148 1
2533 3439 1
2533 3663 1
2533 3665 1
2533 3666 1
2533 3882 1
2533 3886 1
2533 4190 1
2533 4480 1
2534 2064 1
2534 3454 1
2534 3688 1
2534 3693 1
2534 3907 1
2534 3908 1
2534 3909 1
2534 3910 1
2534 3911 1
2534 3913 1
2534 3914 1
2534 3915 1
2534 3916 1
2534 3917 1
2535 2064 1
2536 2065 1
2537 2065 1
2538 2065 1
2539 2065 1
2540 2066 1
2541 2068 1
2542 2069 1
2543 2073 1
2544 2074 1
2544 2946 1
2545 2074 1
2546 2075 1
2546 4984 1
2546 5723 1
2547 2075 1
2548 2075 1
2549 2075 1
2550 2080 1
2551 2085 1
2552 2089 1
2552 2553 1
2553 2089 1
2554 2091 1
2554 4405 1
2554 4706 1
2554 4870 1
2555 2098 1
2556 2099 1
2557 2099 1
2558 2099 1
2559 2099 1
2560 2099 1
2561 2099 1
2562 2099 1
2563 2099 1
2564 2103 1
2565 2103 1
2566 2105 1
2567 2108 1
2568 2112 1
2569 2115 1
2570 2128 1
2571 2132 1
2572 2133 1
2572 2349 1
2572 2350 1
2572 3149 1
2573 2134 1
2573 4989 1
2573 5170 1
2574 2134 1
2575 2134 1
2576 2135 1
2577 2135 1
2578 2138 1
2579 2138 1
2579 2578 1
2580 2139 1
2581 2141 1
2582 2142 1
2583 2142 1
2584 2143 1
2585 2153 1
2585 2586 1
2586 2153 1
2587 2154 1
2588 2155 1
2589 2157 1
2589 4551 1
2590 1665 1
2591 2159 1
2592 2162 1
2592 2990 1
2593 2162 1
2593 2592 1
2593 2989 1
2593 2990 1
2593 3825 1
2594 2163 1
2595 2167 1
2595 3666 1
2595 3915 1
2596 2167 1
2597 2167 1
2598 2167 1
2599 2167 1
2600 2167 1
2601 2167 1
2602 2168 1
2603 2168 1
2603 2620 1
2604 2168 1
2605 2168 1
2606 2168 1
2607 2168 1
2608 2168 1
2609 2168 1
2609 2639 1
2610 2168 1
2611 2168 1
2612 2168 1
2613 2168 1
2614 2168 1
2615 2168 1
2616 2168 1
2617 2168 1
2618 2168 1
2619 2168 1
2620 2168 1
2621 2168 1
2622 2168 1
2623 2168 1
2624 2168 1
2625 2168 1
2626 2168 1
2627 2173 1
2628 2173 1
2629 2176 1
2630 2178 1
2631 2178 1
2632 2178 1
2633 2179 1
2634 2179 1
2635 2179 1
2636 2181 1
2637 2183 1
2637 5039 1
2637 5100 1
2638 2187 1
2638 2641 1
2639 2187 1
2640 2187 1
2641 2193 1
2641 2640 1
2642 2195 1
2643 2201 1
2644 2202 1
2645 2204 1
2645 4464 1
2645 4914 1
2645 4915 1
2646 2204 1
2647 2208 1
2648 2208 1
2649 2209 1
2650 2209 1
2651 2211 1
2652 2212 1
2653 2212 1
2654 2213 1
2655 2214 1
2656 2215 1
2656 3755 1
2656 4001 1
2656 4002 1
2656 4719 1
2657 2216 1
2658 2216 1
2659 2222 1
2660 2224 1
2661 2224 1
2662 2224 1
2663 2225 1
2663 4326 1
2664 2225 1
2664 2661 1
2664 3878 1
2664 4219 1
2664 5389 1
2665 2225 1
2666 2226 1
2667 2226 1
2668 2226 1
2669 2228 1
2670 2233 1
2671 2236 1
2672 2239 1
2673 2239 1
2674 2239 1
2675 2239 1
2675 3830 1
2676 2239 1
2677 2239 1
2678 2239 1
2679 2239 1
2680 2239 1
2681 2239 1
2682 2241 1
2683 2243 1
2684 2252 1
2685 2253 1
2686 2253 1
2687 2254 1
2688 2254 1
2689 2254 1
2690 2254 1
2691 2254 1
2692 2255 1
2693 2255 1
2693 2728 1
2693 2729 1
2693 3780 1
2694 2256 1
2695 2256 1
2695 2258 1
2696 2267 1
2697 2267 1
2698 2267 1
2699 2267 1
2700 2268 1
2701 2268 1
2702 2268 1
2703 2272 1
2704 2274 1
2705 2274 1
2706 2279 1
2707 2286 1
2708 2287 1
2709 2287 1
2710 2291 1
2711 2291 1
2712 2291 1
2713 2291 1
2714 2291 1
2715 2291 1
2716 2291 1
2717 2291 1
2718 2291 1
2719 2292 1
2719 2721 1
2719 3099 1
2720 2292 1
2721 2292 1
2722 2292 1
2723 2293 1
2724 2296 1
2724 2297 1
2725 2298 1
2725 2727 1
2725 3104 1
2726 2298 1
2727 2298 1
2728 2300 1
2728 5691 1
2729 2300 1
2729 5528 1
2729 5691 1
2730 2301 1
2730 2731 1
2730 3786 1
2731 2301 1
2731 3657 1
2732 2301 1
2732 3107 1
2732 3388 1
2732 3397 1
2732 3398 1
2732 3657 1
2732 3786 1
2732 3871 1
2732 3872 1
2732 4129 1
2732 4137 1
2732 4138 1
2733 2301 1
2734 2305 1
2735 2305 1
2736 2305 1
2737 2305 1
2738 2305 1
2739 2305 1
2740 2306 1
2740 3435 1
2741 2742 1
2743 2307 1
2744 2312 1
2744 2760 1
2744 3436 1
2744 3661 1
2745 2312 1
2746 2312 1
2747 2312 1
2748 2315 1
2748 2915 1
2749 2320 1
2750 2320 1
2751 2321 1
2751 2323 1
2751 2752 1
2751 2753 1
2751 2756 1
2751 3434 1
2751 4053 1
2752 2323 1
2752 2753 1
2752 2754 1
2752 3434 1
2753 2323 1
2753 3434 1
2754 2323 1
2754 3434 1
2755 2323 1
2755 2756 1
2755 3434 1
2756 2323 1
2756 3434 1
2757 2324 1
2758 2325 1
2758 2328 1
2759 2327 1
2759 3144 1
2760 2327 1
2761 2328 1
2762 2329 1
2762 2759 1
2763 2332 1
2764 2338 1
2765 2339 1
2766 2340 1
2766 3740 1
2767 2347 1
2768 2350 1
2769 2350 1
2770 2356 1
2770 2775 1
2771 2357 1
2772 2357 1
2773 2358 1
2774 2358 1
2775 2358 1
2776 2358 1
2777 2358 1
2778 2358 1
2779 2359 1
2780 2360 1
2780 2361 1
2780 2770 1
2780 2773 1
2781 2364 1
2782 2364 1
2783 2366 1
2784 2366 1
2785 2366 1
2786 2366 1
2787 2366 1
2788 2366 1
2789 2366 1
2790 2366 1
2790 2789 1
2791 2366 1
2792 2367 1
2792 2795 1
2793 2367 1
2794 2367 1
2795 2367 1
2796 2367 1
2797 2367 1
2798 2367 1
2799 2367 1
2800 2367 1
2800 3170 1
2801 2367 1
2802 2367 1
2803 2368 1
2803 2804 1
2803 2805 1
2804 2368 1
2805 2368 1
2805 2804 1
2806 2369 1
2807 2373 1
2808 2374 1
2809 2374 1
2810 2374 1
2811 2377 1
2812 2378 1
2813 2378 1
2814 2378 1
2815 2378 1
2816 2379 1
2817 2380 1
2818 2382 1
2819 2382 1
2819 5849 1
2820 2382 1
2821 2382 1
2821 4077 1
2821 4381 1
2821 4687 1
2821 5849 1
2822 2382 1
2823 2382 1
2824 2382 1
2825 2382 1
2825 5563 1
2826 2382 1
2826 5849 1
2827 2382 1
2828 2382 1
2829 2382 1
2830 2382 1
2831 2382 1
2832 2382 1
2833 2382 1
2834 2388 1
2835 2392 1
2836 2394 1
2836 5068 1
2837 2394 1
2837 2836 1
2837 2838 1
2837 3199 1
2838 2394 1
2839 2394 1
2840 2394 1
2841 2394 1
2842 2396 1
2843 2396 1
2844 2397 1
2844 2845 1
2844 3530 1
2845 2397 1
2846 2397 1
2846 2845 1
2847 2398 1
2847 3203 1
2848 2398 1
2849 2398 1
2850 2398 1
2851 2398 1
2852 2398 1
2853 2402 1
2854 2403 1
2855 2414 1
2855 4504 1
2856 2415 1
2857 2420 1
2858 2424 1
2858 3222 1
2858 5849 1
2859 2424 1
2860 2424 1
2861 2424 1
2862 2424 1
2863 2424 1
2864 2424 1
2865 2424 1
2866 2424 1
2867 2424 1
2868 2424 1
2869 2424 1
2870 2430 1
2871 2431 1
2872 2431 1
2873 2444 1
2874 2445 1
2875 2446 1
2876 2447 1
2876 4007 1
2877 2449 1
2878 2449 1
2879 2449 1
2880 2449 1
2881 2449 1
2882 2449 1
2883 2449 1
2884 2449 1
2885 2450 1
2886 2450 1
2887 2452 1
2888 2452 1
2889 2452 1
2890 2452 1
2891 2452 1
2892 2452 1
2893 2452 1
2894 2452 1
2895 2453 1
2896 2454 1
2897 2455 1
2898 2455 1
2899 2457 1
2900 2457 1
2900 3549 1
2901 2457 1
2902 2457 1
2903 2457 1
2904 2457 1
2905 2457 1
2906 2457 1
2907 2457 1
2908 2457 1
2909 2458 1
2910 2458 1
2911 2464 1
2911 2466 1
2912 2464 1
2912 2917 1
2912 2918 1
2912 4301 1
2912 4562 1
2912 4798 1
2913 2464 1
2913 2920 1
2914 2464 1
2914 2729 1
2914 4019 1
2915 2465 1
2916 2465 1
2917 2465 1
2918 2465 1
2919 2466 1
2920 2466 1
2921 2467 1
2922 2478 1
2923 2481 1
2924 2485 1
2925 2487 1
2925 3532 1
2925 4222 1
2925 5743 1
2926 2496 1
2927 2498 1
2928 2503 1
2929 2503 1
2930 2509 1
2931 2512 1
2932 2514 1
2933 2515 1
2933 2802 1
2934 2515 1
2935 2516 1
2936 2517 1
2936 2519 1
2936 2819 1
2937 2520 1
2938 2520 1
2939 2523 1
2940 2528 1
2941 2530 1
2942 2531 1
2943 2537 1
2944 2540 1
2945 2544 1
2946 2545 1
2947 2545 1
2947 2946 1
2948 2546 1
2949 2547 1
2950 2547 1
2951 2548 1
2952 2549 1
2952 2953 1
2953 2549 1
2954 2551 1
2954 3773 1
2955 2554 1
2956 2554 1
2957 2554 1
2958 2554 1
2959 2554 1
2960 2554 1
2961 2554 1
2962 2554 1
2963 2554 1
2964 2556 1
2965 2556 1
2966 2568 1
2967 2570 1
2967 2968 1
2967 3272 1
2967 4203 1
2967 4490 1
2967 4491 1
2967 4492 1
2967 4493 1
2967 4494 1
2967 4497 1
2967 4498 1
2967 4745 1
2967 4752 1
2967 4753 1
2967 4754 1
2967 4900 1
2968 2570 1
2968 4492 1
2968 4493 1
2969 2570 1
2969 2968 1
2969 4203 1
2969 4491 1
2969 4492 1
2969 4493 1
2970 2578 1
2970 2619 1
2971 2578 1
2971 2731 1
2971 2732 1
2971 3786 1
2971 3868 1
2971 4012 1
2972 2578 1
2973 2578 1
2974 2578 1
2975 2578 1
2976 2578 1
2977 2578 1
2978 2578 1
2979 2579 1
2980 2579 1
2981 2582 1
2982 2582 1
2982 3472 1
2983 2582 1
2984 2582 1
2985 2583 1
2986 2584 1
2987 2584 1
2988 2591 1
2989 2593 1
2990 2593 1
2990 2989 1
2990 4095 1
2991 2595 1
2991 3297 1
2991 4102 1
2991 4703 1
2992 2596 1
2993 2598 1
2994 2599 1
2995 2603 1
2995 2606 1
2996 2603 1
2997 2603 1
2998 2603 1
2999 2603 1
3000 2603 1
3001 2603 1
3002 2603 1
3003 2603 1
3004 2606 1
3004 5531 1
3005 2606 1
3006 2606 1
3007 2606 1
3008 2612 1
3009 2612 1
3010 2612 1
3011 2614 1
3012 2614 1
3013 2615 1
3014 2615 1
3015 2615 1
3016 2615 1
3017 2615 1
3018 2615 1
3019 2615 1
3020 2616 1
3021 2616 1
3021 3020 1
3022 2619 1
3023 2619 1
3024 2619 1
3025 2619 1
3026 2619 1
3027 2619 1
3028 2619 1
3029 2619 1
3030 2627 1
3031 2627 1
3032 2627 1
3033 2627 1
3034 2628 1
3035 2629 1
3036 2630 1
3037 2635 1
3038 2635 1
3039 2639 1
3040 2639 1
3041 2639 1
3042 2639 1
3043 2639 1
3044 2639 1
3045 2647 1
3046 2650 1
3047 2657 1
3048 2658 1
3049 2658 1
3050 2658 1
3050 3048 1
3051 2658 1
3052 2658 1
3053 2658 1
3054 2659 1
3055 2661 1
3056 2661 1
3057 2665 1
3057 3058 1
3058 2665 1
3058 3057 1
3059 2666 1
3059 3060 1
3060 2666 1
3061 2677 1
3062 2683 1
3063 2687 1
3064 2687 1
3065 2687 1
3066 2687 1
3067 2690 1
3068 2692 1
3069 2692 1
3070 2693 1
3071 2693 1
3072 2693 1
3072 3070 1
3072 3071 1
3073 2694 1
3074 2694 1
3075 2694 1
3076 2694 1
3077 2694 1
3078 2694 1
3079 2694 1
3080 2694 1
3081 2694 1
3081 3074 1
3081 3360 1
3082 2694 1
3083 2694 1
3084 2697 1
3085 2697 1
3086 2697 1
3087 2697 1
3088 2699 1
3089 2699 1
3090 2699 1
3090 3752 1
3090 3753 1
3090 3758 1
3090 3759 1
3090 3760 1
3090 5058 1
3091 2699 1
3092 2699 1
3093 2699 1
3094 2706 1
3095 2707 1
3096 2710 1
3097 2710 1
3098 2710 1
3099 2710 1
3099 3381 1
3100 2714 1
3101 2715 1
3102 2720 1
3103 2726 1
3104 2727 1
3105 2730 1
3106 2731 1
3106 2934 1
3106 3439 1
3107 2731 1
3108 2731 1
3108 3786 1
3109 2731 1
3109 5278 1
3109 5689 1
3110 2731 1
3111 2731 1
3111 3868 1
3111 4138 1
3112 2731 1
3113 2731 1
3113 3786 1
3114 2731 1
3115 2731 1
3116 2731 1
3117 2731 1
3118 2731 1
3119 2731 1
3120 2731 1
3121 2731 1
3121 3786 1
3122 2731 1
3123 2731 1
3124 2731 1
3125 2731 1
3126 2731 1
3127 2732 1
3128 2732 1
3129 2734 1
3129 5409 1
3130 2738 1
3131 2740 1
3131 3132 1
3132 2740 1
3133 2743 1
3134 2743 1
3135 2744 1
3135 3146 1
3136 2744 1
3137 2744 1
3138 2748 1
3139 2752 1
3139 2754 1
3140 2755 1
3141 2756 1
3142 2757 1
3143 2759 1
3144 2761 1
3145 2761 1
3145 3144 1
3146 2763 1
3146 3137 1
3147 2763 1
3147 3137 1
3148 2768 1
3148 4180 1
3149 2768 1
3149 3154 1
3149 3155 1
3149 3440 1
3149 4588 1
3150 2768 1
3151 2769 1
3151 3153 1
3151 4023 1
3151 5666 1
3152 2769 1
3152 5147 1
3152 5283 1
3152 5364 1
3152 5631 1
3153 2769 1
3153 3155 1
3153 3767 1
3153 4023 1
3153 5666 1
3154 2769 1
3155 2769 1
3156 2774 1
3157 2781 1
3158 2782 1
3159 2784 1
3159 3915 1
3159 4155 1
3159 5041 1
3160 2786 1
3161 2789 1
3162 2793 1
3163 2794 1
3164 2797 1
3164 3162 1
3165 2798 1
3166 2798 1
3167 2804 1
3168 2805 1
3169 2805 1
3170 2806 1
3171 2807 1
3171 3797 1
3172 2807 1
3172 3319 1
3172 4314 1
3173 2807 1
3174 2807 1
3175 2812 1
3176 2812 1
3177 2812 1
3178 2812 1
3179 2814 1
3180 2815 1
3181 2816 1
3182 2817 1
3183 2817 1
3183 4989 1
3184 2817 1
3184 4989 1
3185 2818 1
3186 2818 1
3187 2822 1
3188 2822 1
3189 2822 1
3189 3188 1
3190 2828 1
3190 4186 1
3191 2835 1
3192 2835 1
3193 2837 1
3193 3199 1
3193 5068 1
3194 2838 1
3195 2839 1
3196 2840 1
3197 2840 1
3198 2840 1
3199 2840 1
3200 2842 1
3201 2844 1
3202 2844 1
3202 3530 1
3203 2847 1
3204 2847 1
3204 3203 1
3205 2847 1
3206 2847 1
3207 2847 1
3208 2847 1
3209 2847 1
3210 2848 1
3211 2849 1
3212 2850 1
3213 2850 1
3214 2852 1
3215 2852 1
3216 2853 1
3217 2855 1
3218 2858 1
3218 3219 1
3219 2859 1
3220 2859 1
3221 2860 1
3222 2861 1
3223 2863 1
3224 2863 1
3224 3232 1
3225 2863 1
3225 3232 1
3225 5147 1
3226 2863 1
3227 2863 1
3228 2863 1
3228 3232 1
3229 2863 1
3229 3232 1
3230 2863 1
3230 3232 1
3231 2863 1
3231 3232 1
3232 2863 1
3233 2864 1
3233 3234 1
3234 2864 1
3235 2874 1
3236 2876 1
3237 2889 1
3238 2890 1
3239 2890 1
3240 2893 1
3241 2902 1
3241 4006 1
3242 2903 1
3243 2904 1
3244 2910 1
3245 2912 1
3245 4921 1
3246 2915 1
3247 2915 1
3248 2915 1
3249 2915 1
3250 2915 1
3251 2915 1
3252 2915 1
3253 2915 1
3254 2916 1
3255 2927 1
3256 2928 1
3257 2931 1
3258 2933 1
3258 3047 1
3259 2934 1
3260 2941 1
3261 2947 1
3262 2948 1
3262 2983 1
3263 2949 1
3263 5147 1
3263 5253 1
3264 2949 1
3265 2949 1
3266 2949 1
3267 2949 1
3268 2949 1
3269 2950 1
3270 2964 1
3271 2968 1
3271 4203 1
3271 4492 1
3272 2968 1
3272 4203 1
3272 4492 1
3272 4494 1
3273 2968 1
3273 4203 1
3273 4492 1
3273 4497 1
3274 2970 1
3275 2972 1
3276 2973 1
3276 3277 1
3277 2973 1
3278 2978 1
3279 2979 1
3280 2980 1
3281 2980 1
3282 2981 1
3282 5716 1
3283 2981 1
3284 2981 1
3285 2981 1
3286 2982 1
3287 2984 1
3288 2986 1
3289 2987 1
3290 2989 1
3291 2989 1
3291 3565 1
3292 2993 1
3293 2993 1
3294 2993 1
3295 2993 1
3296 2993 1
3297 2993 1
3298 2993 1
3298 4097 1
3299 2993 1
3300 2993 1
3301 2994 1
3302 2995 1
3303 2999 1
3304 3004 1
3305 3004 1
3306 3008 1
3307 3009 1
3307 3010 1
3308 3009 1
3308 3010 1
3309 3020 1
3310 3030 1
3311 3031 1
3312 3031 1
3313 3031 1
3314 3031 1
3315 3031 1
3316 3031 1
3317 3031 1
3318 3031 1
3319 3031 1
3320 3031 1
3321 3031 1
3322 3031 1
3323 3031 1
3324 3031 1
3325 3031 1
3326 3032 1
3326 3762 1
3326 4015 1
3327 3034 1
3327 3762 1
3328 3037 1
3329 3039 1
3330 3039 1
3331 3039 1
3332 3040 1
3333 3041 1
3334 3042 1
3335 3042 1
3336 3042 1
3337 3042 1
3338 3044 1
3339 3048 1
3340 3048 1
3341 3049 1
3342 3055 1
3343 3057 1
3343 3058 1
3344 3059 1
3345 3059 1
3346 3059 1
3347 3059 1
3348 3060 1
3349 3060 1
3350 3061 1
3351 3067 1
3352 3074 1
3353 3074 1
3354 3074 1
3354 3353 1
3355 3074 1
3356 3074 1
3357 3075 1
3358 3076 1
3359 3077 1
3360 3077 1
3360 3761 1
3361 3077 1
3361 3360 1
3362 3084 1
3363 3085 1
3363 3622 1
3364 3085 1
3365 3086 1
3366 3087 1
3367 3368 1
3369 3088 1
3369 3646 1
3370 3088 1
3371 3093 1
3372 3093 1
3373 3094 1
3374 3094 1
3375 3095 1
3375 4151 1
3375 5631 1
3376 3095 1
3377 3095 1
3378 3095 1
3379 3097 1
3380 3098 1
3381 3099 1
3382 3101 1
3383 3101 1
3384 3101 1
3385 3101 1
3386 3101 1
3387 3105 1
3388 3107 1
3389 3109 1
3389 5827 1
3390 3109 1
3391 3110 1
3391 3112 1
3391 3114 1
3391 3115 1
3391 3117 1
3391 3124 1
3392 3393 1
3393 2731 1
3393 3786 1
3393 4034 1
3394 3111 1
3395 3396 1
3396 2731 1
3396 3391 1
3396 3392 1
3396 3786 1
3397 3391 1
3397 3392 1
3397 3396 1
3398 3396 1
3398 3868 1
3398 4134 1
3399 3113 1
3400 3119 1
3401 3120 1
3402 3121 1
3403 3121 1
3404 3124 1
3405 3124 1
3406 3127 1
3407 3127 1
3407 3406 1
3407 3408 1
3407 3409 1
3407 3410 1
3407 3411 1
3407 3412 1
3407 3413 1
3407 3414 1
3407 3415 1
3407 3416 1
3407 3417 1
3407 3418 1
3407 3419 1
3408 3127 1
3409 3127 1
3410 3127 1
3411 3127 1
3412 3127 1
3413 3127 1
3414 3127 1
3415 3127 1
3416 3127 1
3417 3127 1
3418 3127 1
3419 3127 1
3420 3128 1
3421 3128 1
3421 3420 1
3421 3423 1
3421 3424 1
3421 3425 1
3421 3426 1
3422 3128 1
3423 3128 1
3424 3128 1
3425 3128 1
3426 3128 1
3427 3130 1
3428 3130 1
3429 3130 1
3430 3130 1
3431 3130 1
3432 3131 1
3432 3435 1
3433 3135 1
3434 3139 1
3434 3432 1
3435 3139 1
3436 3145 1
3437 3145 1
3437 3874 1
3438 3146 1
3439 3148 1
3440 3150 1
3441 3151 1
3442 3151 1
3443 3152 1
3444 3152 1
3444 4803 1
3445 3152 1
3445 4196 1
3446 3152 1
3447 3152 1
3448 3152 1
3448 3480 1
3449 3152 1
3450 3152 1
3450 5849 1
3451 3152 1
3452 3152 1
3453 3152 1
3454 3152 1
3454 3693 1
3455 3152 1
3456 3152 1
3457 3152 1
3457 4745 1
3458 3152 1
3459 3152 1
3460 3152 1
3461 3152 1
3461 3456 1
3462 3152 1
3463 3152 1
3464 3152 1
3465 3152 1
3466 3152 1
3467 3152 1
3468 3152 1
3469 3152 1
3470 3152 1
3471 3152 1
3472 3152 1
3473 3152 1
3474 3152 1
3475 3152 1
3476 3152 1
3477 3152 1
3478 3152 1
3479 3152 1
3480 3152 1
3481 3152 1
3482 3152 1
3483 3152 1
3484 3152 1
3485 3152 1
3486 3152 1
3487 3152 1
3488 3152 1
3489 3156 1
3490 3156 1
3491 3156 1
3492 3157 1
3493 3158 1
3494 3159 1
3495 3160 1
3496 3160 1
3496 4228 1
3497 3160 1
3498 3160 1
3499 3160 1
3500 3160 1
3501 3160 1
3502 3160 1
3503 3160 1
3504 3160 1
3505 3160 1
3506 3163 1
3507 3166 1
3508 3167 1
3508 3739 1
3508 3742 1
3509 3167 1
3510 3168 1
3511 3169 1
3512 3171 1
3513 3172 1
3514 3173 1
3515 3174 1
3516 3182 1
3517 3182 1
3518 3188 1
3519 3195 1
3520 3195 1
3521 3195 1
3521 5366 1
3521 5547 1
3521 5548 1
3522 3195 1
3523 3195 1
3524 3195 1
3525 3195 1
3526 3195 1
3527 3201 1
3527 3528 1
3528 3201 1
3528 3527 1
3529 3202 1
3530 3202 1
3530 3529 1
3531 3212 1
3532 3214 1
3533 3224 1
3534 3225 1
3535 3225 1
3536 3227 1
3536 5283 1
3536 5673 1
3537 3229 1
3538 3230 1
3539 3231 1
3540 3232 1
3541 3232 1
3542 3232 1
3543 3233 1
3544 3247 1
3545 3248 1
3546 3248 1
3547 3249 1
3548 3249 1
3549 3250 1
3550 3251 1
3551 3252 1
3552 3253 1
3553 3256 1
3554 3256 1
3555 3256 1
3556 3265 1
3557 3265 1
3558 3266 1
3559 3266 1
3560 3266 1
3561 3282 1
3561 5444 1
3562 3287 1
3563 3290 1
3564 3290 1
3564 4095 1
3565 3291 1
3566 3291 1
3566 3563 1
3567 3292 1
3568 3293 1
3569 3294 1
3570 3295 1
3571 3296 1
3572 3296 1
3573 3296 1
3574 3299 1
3575 3299 1
3575 3829 1
3576 3299 1
3577 3305 1
3578 3305 1
3579 3306 1
3580 3310 1
3581 3315 1
3582 3315 1
3583 3316 1
3584 3317 1
3585 3318 1
3586 3321 1
3587 3321 1
3588 3326 1
3589 3333 1
3590 3333 1
3590 5378 1
3591 3333 1
3592 3333 1
3593 3333 1
3594 3333 1
3595 3333 1
3596 3333 1
3597 3333 1
3598 3334 1
3599 3334 1
3600 3336 1
3601 3341 1
3601 3378 1
3601 4324 1
3602 3341 1
3603 3343 1
3604 3348 1
3605 3351 1
3606 3352 1
3607 3352 1
3608 3352 1
3609 3352 1
3610 3358 1
3611 3359 1
3612 3359 1
3613 3360 1
3614 3360 1
3615 3360 1
3616 3360 1
3616 3908 1
3617 3360 1
3618 3360 1
3619 3361 1
3619 4573 1
3620 3361 1
3620 4573 1
3621 3364 1
3622 3364 1
3622 3623 1
3623 3364 1
3624 3365 1
3624 3625 1
3625 3365 1
3626 3627 1
3627 3086 1
3628 3366 1
3629 3367 1
3630 3370 1
3631 3370 1
3632 3370 1
3633 3370 1
3634 3370 1
3635 3370 1
3635 4025 1
3636 3370 1
3637 3370 1
3638 3370 1
3639 3370 1
3640 3370 1
3641 3370 1
3642 3370 1
3643 3370 1
3644 3370 1
3645 3370 1
3646 3370 1
3647 3371 1
3647 3372 1
3647 3648 1
3648 3371 1
3648 3372 1
3648 3864 1
3648 4126 1
3649 3373 1
3650 3376 1
3650 3651 1
3651 3377 1
3652 3378 1
3653 3379 1
3654 3379 1
3655 3380 1
3656 3383 1
3657 3388 1
3658 3395 1
3659 3397 1
3660 3405 1
3660 5243 1
3661 3437 1
3661 3662 1
3661 3874 1
3662 3437 1
3663 3439 1
3663 3665 1
3663 3669 1
3663 3880 1
3663 3884 1
3664 3439 1
3665 3439 1
3666 3439 1
3666 3665 1
3667 3439 1
3668 3439 1
3669 3439 1
3670 3441 1
3671 3444 1
3672 3444 1
3672 3453 1
3673 3447 1
3674 3448 1
3675 3449 1
3675 5092 1
3676 3451 1
3677 3451 1
3678 3451 1
3679 3451 1
3680 3451 1
3681 3451 1
3682 3451 1
3683 3451 1
3684 3452 1
3685 3453 1
3686 3453 1
3687 3454 1
3688 3454 1
3689 3454 1
3690 3454 1
3691 3454 1
3692 3454 1
3693 3454 1
3694 3454 1
3694 3570 1
3695 3454 1
3696 3454 1
3697 3454 1
3698 3454 1
3699 3455 1
3700 3455 1
3701 3455 1
3702 3459 1
3703 3459 1
3704 3460 1
3705 3461 1
3706 3462 1
3707 3708 1
3708 3152 1
3709 3464 1
3710 3464 1
3711 3464 1
3712 3464 1
3713 3464 1
3713 3709 1
3714 3466 1
3715 3466 1
3716 3468 1
3717 3472 1
3718 3472 1
3719 3472 1
3720 3472 1
3721 3472 1
3722 3474 1
3723 3478 1
3724 3479 1
3725 3483 1
3726 3486 1
3727 3487 1
3728 3487 1
3729 3489 1
3730 3492 1
3731 3493 1
3732 3495 1
3733 3496 1
3734 3497 1
3734 3732 1
3734 4505 1
3734 4766 1
3734 4767 1
3734 5344 1
3734 5643 1
3735 3499 1
3736 3502 1
3737 3504 1
3738 3504 1
3739 3509 1
3740 3510 1
3741 3511 1
3742 3511 1
3743 3511 1
3744 3511 1
3745 3513 1
3746 3516 1
3747 3517 1
3748 3518 1
3749 3519 1
3750 3519 1
3751 3519 1
3752 3519 1
3753 3519 1
3754 3519 1
3755 3519 1
3756 3519 1
3757 3519 1
3758 3519 1
3759 3519 1
3759 3758 1
3760 3519 1
3761 3519 1
3762 3519 1
3762 3767 1
3763 3519 1
3764 3519 1
3765 3519 1
3766 3519 1
3767 3519 1
3768 3519 1
3769 3520 1
3770 3521 1
3770 5805 1
3771 3521 1
3772 3521 1
3773 3521 1
3774 3522 1
3775 3526 1
3776 3533 1
3777 3533 1
3778 3533 1
3779 3536 1
3780 3536 1
3781 3538 1
3782 3539 1
3783 3539 1
3784 3539 1
3785 3539 1
3786 3539 1
3786 3872 1
3786 4552 1
3787 3539 1
3788 3539 1
3788 3787 1
3789 3539 1
3790 3539 1
3791 3539 1
3792 3539 1
3793 3539 1
3794 3540 1
3795 3544 1
3796 3545 1
3797 3545 1
3798 3545 1
3799 3549 1
3800 3549 1
3801 3549 1
3802 3549 1
3802 3804 1
3802 3808 1
3803 3549 1
3804 3549 1
3805 3549 1
3806 3549 1
3807 3549 1
3808 3549 1
3808 3819 1
3809 3549 1
3810 3549 1
3811 3549 1
3811 3819 1
3812 3549 1
3813 3549 1
3814 3549 1
3815 3549 1
3816 3549 1
3817 3549 1
3818 3549 1
3819 3549 1
3820 3549 1
3821 3549 1
3822 3552 1
3823 3555 1
3824 3563 1
3825 3564 1
3826 3564 1
3827 3567 1
3828 3572 1
3829 3574 1
3829 3835 1
3830 3575 1
3831 3575 1
3832 3575 1
3833 3575 1
3834 3575 1
3835 3576 1
3836 3576 1
3837 3581 1
3838 3582 1
3839 3584 1
3840 3586 1
3841 3586 1
3842 3590 1
3842 3591 1
3842 3844 1
3843 3594 1
3844 3595 1
3844 3845 1
3844 5115 1
3845 3595 1
3846 3602 1
3847 3604 1
3848 3607 1
3849 3610 1
3850 3628 1
3851 3631 1
3852 3631 1
3853 3631 1
3854 3632 1
3855 3633 1
3856 3635 1
3857 3636 1
3858 3637 1
3859 3639 1
3860 3642 1
3861 3643 1
3861 3862 1
3862 3643 1
3863 3647 1
3864 3647 1
3865 3647 1
3866 3656 1
3867 3657 1
3868 3657 1
3869 3657 1
3870 3657 1
3871 3657 1
3872 3657 1
3873 3660 1
3874 3662 1
3875 3663 1
3875 5174 1
3876 3663 1
3876 4983 1
3877 3663 1
3878 3663 1
3879 3664 1
3879 3665 1
3879 3667 1
3880 3665 1
3881 3665 1
3882 3665 1
3882 4183 1
3883 3665 1
3884 3665 1
3885 3665 1
3886 3665 1
3887 3667 1
3888 3671 1
3889 3674 1
3890 3677 1
3891 3677 1
3892 3677 1
3893 3677 1
3894 3677 1
3895 3677 1
3896 3677 1
3897 3679 1
3898 3680 1
3899 3681 1
3900 3681 1
3901 3681 1
3902 3681 1
3903 3682 1
3904 3683 1
3905 3685 1
3906 3690 1
3907 3693 1
3908 3693 1
3909 3693 1
3910 3693 1
3911 3693 1
3912 3693 1
3913 3693 1
3914 3693 1
3915 3693 1
3915 3912 1
3916 3693 1
3917 3693 1
3918 3919 1
3920 3705 1
3921 3713 1
3922 3715 1
3923 3715 1
3924 3716 1
3925 3719 1
3926 3721 1
3926 3927 1
3927 3721 1
3928 3723 1
3929 3723 1
3930 3723 1
3931 3723 1
3932 3723 1
3933 3723 1
3934 3723 1
3935 3723 1
3936 3729 1
3937 3734 1
3938 3737 1
3938 3939 1
3939 3737 1
3940 3737 1
3941 3738 1
3942 3741 1
3942 5590 1
3943 3741 1
3944 3741 1
3945 3743 1
3946 3743 1
3947 3743 1
3948 3743 1
3949 3744 1
3950 3744 1
3951 3745 1
3952 3747 1
3953 3748 1
3954 3749 1
3954 4528 1
3955 3749 1
3956 3749 1
3956 4389 1
3956 5805 1
3957 3749 1
3958 3749 1
3959 3749 1
3960 3749 1
3961 3749 1
3962 3749 1
3963 3749 1
3964 3749 1
3965 3749 1
3966 3749 1
3967 3749 1
3968 3749 1
3969 3750 1
3969 3764 1
3969 3970 1
3969 4016 1
3970 3750 1
3971 3751 1
3971 4296 1
3971 4299 1
3971 4555 1
3971 4556 1
3972 3751 1
3973 3751 1
3974 3751 1
3975 3751 1
3976 3751 1
3977 3751 1
3977 3976 1
3978 3751 1
3979 3751 1
3980 3752 1
3980 3753 1
3981 3752 1
3981 3995 1
3982 3752 1
3983 3752 1
3983 3753 1
3983 4012 1
3984 3752 1
3985 3752 1
3985 3753 1
3985 3758 1
3985 3759 1
3985 3760 1
3986 3752 1
3986 3758 1
3986 3759 1
3987 3752 1
3987 3760 1
3988 3752 1
3988 3758 1
3988 3759 1
3989 3752 1
3989 3753 1
3989 3758 1
3989 3760 1
3989 4012 1
3990 3752 1
3991 3753 1
3992 3753 1
3993 3753 1
3994 3753 1
3995 3753 1
3995 3993 1
3995 5203 1
3996 3753 1
3997 3753 1
3998 3753 1
3999 3755 1
4000 3755 1
4000 4001 1
4000 4321 1
4001 3755 1
4002 3755 1
4002 4001 1
4003 3757 1
4003 4007 1
4004 3757 1
4004 4006 1
4004 4007 1
4005 3757 1
4006 3757 1
4007 3757 1
4008 3758 1
4008 3759 1
4009 3760 1
4010 3760 1
4011 3760 1
4012 3761 1
4012 4022 1
4013 3761 1
4014 3762 1
4015 3762 1
4015 3767 1
4016 3764 1
4017 3765 1
4018 3765 1
4018 4019 1
4018 4321 1
4018 4322 1
4019 3765 1
4020 3765 1
4021 3765 1
4022 3766 1
4023 3767 1
4024 3768 1
4025 3768 1
4025 4327 1
4026 3768 1
4027 3770 1
4028 3773 1
4028 3908 1
4028 5689 1
4029 3773 1
4030 3777 1
4031 3777 1
4032 3780 1
4032 5274 1
4032 5482 1
4032 5551 1
4033 3780 1
4034 3786 1
4035 3795 1
4036 3795 1
4037 3796 1
4038 3797 1
4039 3797 1
4040 3797 1
4041 3797 1
4042 3797 1
4043 3797 1
4044 3797 1
4045 3797 1
4046 3797 1
4047 3797 1
4048 3797 1
4049 3797 1
4050 3798 1
4051 3798 1
4052 3799 1
4053 3804 1
4054 3804 1
4055 3808 1
4056 3810 1
4057 3810 1
4057 4619 1
4058 3810 1
4059 3810 1
4060 3810 1
4061 3810 1
4062 3810 1
4063 3810 1
4064 3811 1
4064 4072 1
4064 4073 1
4064 4091 1
4064 4092 1
4064 4372 1
4064 4374 1
4064 4633 1
4064 4637 1
4064 4843 1
4065 3811 1
4066 3811 1
4067 3811 1
4068 3811 1
4069 3811 1
4069 4072 1
4070 3811 1
4071 3811 1
4072 3811 1
4073 3811 1
4074 3812 1
4075 3812 1
4075 4074 1
4076 3813 1
4077 3814 1
4077 4080 1
4078 3814 1
4078 3817 1
4079 3814 1
4080 3814 1
4081 3815 1
4082 3815 1
4083 3817 1
4084 3817 1
4085 3817 1
4086 3817 1
4087 3817 1
4088 3817 1
4089 3818 1
4089 4388 1
4089 4693 1
4090 3818 1
4091 3819 1
4092 3819 1
4092 4091 1
4093 3822 1
4094 3823 1
4095 3825 1
4096 3828 1
4097 3830 1
4098 3830 1
4099 3830 1
4100 3830 1
4101 3830 1
4102 3830 1
4103 3830 1
4104 3830 1
4105 3830 1
4106 3830 1
4107 3830 1
4108 3830 1
4109 3831 1
4109 3832 1
4109 3833 1
4109 3834 1
4110 3835 1
4110 4114 1
4111 3835 1
4112 3835 1
4112 4109 1
4113 3835 1
4114 3836 1
4115 3837 1
4116 3838 1
4117 3843 1
4118 3843 1
4119 3844 1
4120 3846 1
4121 3854 1
4122 3854 1
4123 3859 1
4124 3861 1
4125 3861 1
4126 3864 1
4127 3867 1
4127 4134 1
4128 3868 1
4129 3868 1
4130 3868 1
4131 3868 1
4132 3868 1
4133 3868 1
4134 3868 1
4134 4135 1
4134 4138 1
4135 3868 1
4136 3868 1
4137 3869 1
4138 3872 1
4139 3873 1
4140 3875 1
4140 4443 1
4141 3875 1
4142 3875 1
4143 3875 1
4144 3875 1
4145 3875 1
4146 3876 1
4147 3876 1
4148 3876 1
4149 3876 1
4150 3876 1
4151 3878 1
4152 3878 1
4153 3878 1
4153 4152 1
4154 3878 1
4155 3878 1
4156 3878 1
4157 3878 1
4157 4213 1
4157 4332 1
4158 3878 1
4159 3878 1
4160 3879 1
4161 3879 1
4162 3879 1
4163 3879 1
4164 3879 1
4165 3879 1
4166 3879 1
4167 3880 1
4168 3880 1
4169 3880 1
4170 3880 1
4171 3880 1
4172 3880 1
4173 3880 1
4174 3880 1
4175 3880 1
4176 3880 1
4177 3880 1
4178 3880 1
4179 3881 1
4180 3881 1
4181 3882 1
4182 3882 1
4183 3883 1
4184 3884 1
4185 3885 1
4185 4191 1
4186 3885 1
4186 5849 1
4187 3885 1
4188 3885 1
4189 3885 1
4190 3885 1
4191 3885 1
4192 3885 1
4193 3886 1
4194 3887 1
4195 3887 1
4196 3889 1
4197 3891 1
4198 3897 1
4199 3899 1
4200 3901 1
4201 3901 1
4202 3904 1
4203 3908 1
4204 3908 1
4205 3908 1
4206 3908 1
4207 3915 1
4208 3915 1
4209 3915 1
4210 3915 1
4211 3915 1
4212 3915 1
4213 3915 1
4214 3917 1
4215 3917 1
4216 3917 1
4217 3917 1
4218 3925 1
4219 3926 1
4220 3928 1
4220 5639 1
4221 3928 1
4221 4220 1
4221 5640 1
4222 3928 1
4222 5640 1
4223 3933 1
4224 3938 1
4224 4228 1
4225 3939 1
4226 3939 1
4227 3939 1
4228 3941 1
4229 3946 1
4230 3946 1
4230 4229 1
4231 3948 1
4232 3954 1
4233 3954 1
4234 3954 1
4235 3954 1
4235 4528 1
4236 3954 1
4236 4237 1
4237 3954 1
4238 3954 1
4239 3955 1
4240 3955 1
4241 3955 1
4242 3955 1
4243 3956 1
4244 3956 1
4245 3956 1
4246 3956 1
4247 3960 1
4248 3967 1
4249 3967 1
4250 3971 1
4251 3972 1
4252 3973 1
4253 3973 1
4254 3973 1
4255 3974 1
4256 3975 1
4256 3976 1
4257 3976 1
4258 3976 1
4258 3978 1
4259 3977 1
4260 3978 1
4260 4257 1
4260 4261 1
4261 3978 1
4262 3979 1
4263 3980 1
4264 3985 1
4265 3987 1
4266 3991 1
4267 3992 1
4268 3993 1
4269 3993 1
4270 3993 1
4271 3993 1
4272 3999 1
4273 4003 1
4274 4006 1
4275 4006 1
4275 4619 1
4276 4006 1
4277 4006 1
4278 4006 1
4279 4006 1
4280 4006 1
4281 4006 1
4282 4006 1
4283 4007 1
4284 4007 1
4285 4007 1
4285 5133 1
4286 4007 1
4287 4007 1
4288 4007 1
4289 4007 1
4289 5673 1
4290 4007 1
4291 4007 1
4292 4007 1
4293 4007 1
4294 4007 1
4295 4010 1
4296 4012 1
4297 4012 1
4298 4012 1
4299 4012 1
4300 4012 1
4300 5320 1
4301 4012 1
4302 4012 1
4303 4012 1
4304 4012 1
4305 4012 1
4306 4012 1
4307 4012 1
4308 4012 1
4309 4012 1
4309 4135 1
4310 4012 1
4311 4012 1
4312 4012 1
4312 4316 1
4313 4012 1
4314 4012 1
4315 4012 1
4316 4012 1
4317 4012 1
4318 4013 1
4318 4315 1
4319 4014 1
4320 4017 1
4321 4019 1
4322 4019 1
4323 4021 1
4324 4025 1
4325 4025 1
4326 4025 1
4327 4026 1
4328 4028 1
4329 4030 1
4330 4032 1
4331 4038 1
4332 4039 1
4333 4039 1
4334 4039 1
4335 4039 1
4336 4040 1
4337 4042 1
4338 4042 1
4339 4043 1
4340 4043 1
4341 4044 1
4342 4044 1
4343 4045 1
4344 4045 1
4345 4045 1
4346 4046 1
4347 4046 1
4348 4049 1
4349 4049 1
4350 4054 1
4351 4057 1
4352 4057 1
4352 4083 1
4353 4059 1
4354 4064 1
4355 4064 1
4356 4064 1
4357 4064 1
4358 4065 1
4359 4065 1
4359 4598 1
4360 4065 1
4361 4065 1
4361 4632 1
4362 4065 1
4363 4065 1
4364 4066 1
4365 4066 1
4366 4066 1
4367 4066 1
4368 4066 1
4369 4066 1
4370 4067 1
4371 4067 1
4372 4068 1
4373 4072 1
4373 4652 1
4373 4661 1
4374 4072 1
4374 4637 1
4375 4072 1
4376 4072 1
4376 4375 1
4377 4072 1
4378 4073 1
4379 4075 1
4380 4077 1
4380 5849 1
4381 4077 1
4381 5304 1
4381 5849 1
4382 4078 1
4383 4079 1
4384 4082 1
4385 4082 1
4386 4084 1
4387 4085 1
4388 4090 1
4389 4093 1
4390 4094 1
4391 4095 1
4392 4097 1
4392 4395 1
4393 4097 1
4394 4097 1
4395 4097 1
4396 4098 1
4396 4100 1
4397 4098 1
4398 4099 1
4399 4099 1
4400 4099 1
4401 4101 1
4402 4101 1
4403 4103 1
4404 4104 1
4405 4104 1
4406 4108 1
4407 4108 1
4408 4108 1
4409 4108 1
4410 4109 1
4411 4109 1
4412 4109 1
4413 4109 1
4414 4113 1
4415 4113 1
4416 4113 1
4417 4113 1
4418 4113 1
4419 4114 1
4420 4114 1
4421 4114 1
4422 4115 1
4423 4118 1
4424 4121 1
4425 4124 1
4426 4125 1
4427 4126 1
4428 4127 1
4429 4128 1
4429 4132 1
4430 4129 1
4431 4129 1
4432 4129 1
4433 4130 1
4434 4130 1
4435 4131 1
4436 4131 1
4437 4131 1
4438 4137 1
4439 4137 1
4440 4137 1
4441 4137 1
4442 4138 1
4443 4141 1
4444 4142 1
4445 4143 1
4446 4147 1
4447 4150 1
4448 4151 1
4449 4151 1
4450 4151 1
4451 4151 1
4452 4152 1
4453 4152 1
4454 4152 1
4455 4152 1
4456 4152 1
4457 4152 1
4458 4152 1
4459 4152 1
4460 4155 1
4460 4462 1
4460 4902 1
4460 5012 1
4461 4155 1
4462 4155 1
4463 4155 1
4464 4167 1
4465 4167 1
4466 4167 1
4467 4171 1
4468 4173 1
4469 4175 1
4470 4177 1
4470 4473 1
4471 4177 1
4472 4177 1
4473 4177 1
4474 4177 1
4475 4177 1
4476 4177 1
4477 4179 1
4478 4180 1
4478 5169 1
4478 5366 1
4479 4180 1
4479 4478 1
4479 4951 1
4479 5098 1
4479 5169 1
4480 4183 1
4480 4482 1
4481 4183 1
4482 4183 1
4482 4481 1
4483 4183 1
4484 4187 1
4485 4188 1
4486 4189 1
4487 4192 1
4488 4194 1
4489 4195 1
4490 4203 1
4490 4492 1
4490 4493 1
4490 4494 1
4491 4203 1
4492 4203 1
4493 4203 1
4493 4492 1
4494 4203 1
4495 4203 1
4495 4492 1
4496 4203 1
4497 4203 1
4498 4203 1
4499 4215 1
4500 4215 1
4501 4219 1
4502 4225 1
4503 4228 1
4504 4228 1
4505 4228 1
4506 4228 1
4507 4228 1
4508 4228 1
4509 4228 1
4510 4228 1
4511 4228 1
4512 4228 1
4513 4228 1
4514 4228 1
4515 4228 1
4516 4228 1
4517 4228 1
4518 4230 1
4519 4230 1
4520 4230 1
4521 4233 1
4522 4233 1
4523 4234 1
4524 4234 1
4525 4234 1
4526 4234 1
4527 4234 1
4528 4237 1
4529 4238 1
4530 4238 1
4531 4239 1
4532 4240 1
4533 4241 1
4534 4251 1
4535 4251 1
4536 4261 1
4537 4261 1
4538 4261 1
4539 4263 1
4539 4540 1
4540 4263 1
4541 4267 1
4542 4268 1
4543 4272 1
4544 4272 1
4545 4276 1
4546 4278 1
4547 4280 1
4548 4284 1
4549 4284 1
4550 4284 1
4551 4284 1
4552 4288 1
4553 4289 1
4554 4289 1
4554 4553 1
4554 4791 1
4555 4296 1
4555 4299 1
4555 4306 1
4555 5320 1
4556 4296 1
4556 4299 1
4556 5320 1
4557 4296 1
4558 4296 1
4559 4299 1
4560 4299 1
4561 4300 1
4562 4301 1
4563 4302 1
4564 4304 1
4565 4305 1
4566 4305 1
4567 4305 1
4567 4809 1
4568 4305 1
4569 4305 1
4570 4306 1
4571 4306 1
4572 4306 1
4573 4309 1
4574 4311 1
4575 4311 1
4576 4312 1
4577 4313 1
4578 4313 1
4579 4319 1
4580 4320 1
4581 4321 1
4581 4936 1
4581 4989 1
4581 5808 1
4582 4321 1
4582 4322 1
4583 4322 1
4584 4322 1
4585 4322 1
4586 4322 1
4587 4322 1
4588 4322 1
4589 4322 1
4590 4322 1
4591 4322 1
4592 4322 1
4593 4322 1
4594 4322 1
4595 4322 1
4596 4322 1
4597 4322 1
4598 4324 1
4599 4327 1
4600 4327 1
4601 4333 1
4602 4333 1
4602 4601 1
4602 4824 1
4603 4335 1
4604 4335 1
4605 4336 1
4606 4339 1
4607 4341 1
4607 4608 1
4608 4341 1
4609 4344 1
4610 4348 1
4611 4351 1
4612 4351 1
4613 4351 1
4614 4351 1
4615 4351 1
4616 4351 1
4617 4351 1
4618 4351 1
4619 4351 1
4620 4351 1
4621 4351 1
4622 4351 1
4623 4354 1
4623 5165 1
4624 4354 1
4625 4356 1
4626 4356 1
4627 4356 1
4628 4356 1
4629 4356 1
4630 4356 1
4631 4358 1
4632 4362 1
4633 4363 1
4634 4363 1
4635 4369 1
4636 4369 1
4637 4372 1
4638 4373 1
4639 4373 1
4640 4373 1
4641 4373 1
4642 4373 1
4643 4373 1
4644 4373 1
4644 4651 1
4644 4849 1
4645 4373 1
4646 4373 1
4647 4373 1
4648 4373 1
4649 4373 1
4650 4373 1
4651 4373 1
4652 4373 1
4653 4373 1
4654 4373 1
4655 4373 1
4656 4373 1
4657 4373 1
4658 4373 1
4659 4373 1
4660 4373 1
4661 4373 1
4662 4373 1
4663 4373 1
4664 4373 1
4665 4373 1
4666 4373 1
4667 4373 1
4668 4373 1
4669 4373 1
4670 4373 1
4671 4373 1
4672 4373 1
4673 4373 1
4674 4373 1
4675 4373 1
4675 4651 1
4675 4849 1
4676 4373 1
4676 4654 1
4677 4373 1
4678 4375 1
4679 4375 1
4680 4376 1
4681 4376 1
4682 4377 1
4683 4378 1
4684 4379 1
4684 4491 1
4684 4756 1
4685 4380 1
4686 4381 1
4687 4381 1
4688 4381 1
4688 4690 1
4689 4381 1
4690 4381 1
4691 4382 1
4692 4384 1
4693 4388 1
4694 4389 1
4695 4389 1
4696 4389 1
4697 4389 1
4698 4389 1
4699 4389 1
4700 4389 1
4701 4389 1
4702 4389 1
4703 4392 1
4704 4394 1
4705 4397 1
4706 4404 1
4707 4404 1
4708 4418 1
4709 4421 1
4710 4423 1
4711 4425 1
4711 4426 1
4712 4429 1
4713 4430 1
4713 4431 1
4714 4433 1
4715 4436 1
4716 4436 1
4716 4715 1
4717 4438 1
4717 4965 1
4718 4439 1
4719 4439 1
4720 4440 1
4721 4442 1
4722 4461 1
4723 4462 1
4724 4466 1
4725 4470 1
4726 4470 1
4727 4470 1
4728 4470 1
4729 4470 1
4730 4471 1
4731 4472 1
4732 4472 1
4733 4477 1
4734 4478 1
4734 5272 1
4735 4479 1
4735 4736 1
4735 4976 1
4735 5038 1
4735 5100 1
4735 5166 1
4735 5168 1
4735 5172 1
4735 5282 1
4735 5284 1
4735 5362 1
4735 5364 1
4735 5387 1
4735 5392 1
4735 5546 1
4736 4479 1
4737 4483 1
4738 4483 1
4739 4484 1
4740 4485 1
4741 4486 1
4742 4491 1
4742 4745 1
4743 4491 1
4744 4491 1
4745 4491 1
4746 4491 1
4747 4491 1
4747 4497 1
4748 4491 1
4749 4491 1
4750 4491 1
4751 4491 1
4752 4492 1
4753 4494 1
4754 4496 1
4755 4497 1
4756 4497 1
4756 4755 1
4756 4901 1
4756 5136 1
4757 4497 1
4758 4497 1
4759 4497 1
4760 4497 1
4761 4497 1
4762 4497 1
4763 4497 1
4764 4501 1
4765 4501 1
4766 4503 1
4766 5485 1
4767 4506 1
4768 4512 1
4769 4512 1
4770 4512 1
4771 4512 1
4772 4512 1
4773 4521 1
4774 4522 1
4775 4528 1
4776 4536 1
4777 4539 1
4778 4542 1
4779 4545 1
4780 4545 1
4781 4545 1
4782 4546 1
4783 4546 1
4784 4548 1
4785 4549 1
4786 4549 1
4787 4550 1
4788 4552 1
4788 4619 1
4789 4552 1
4790 4552 1
4791 4553 1
4792 4554 1
4793 4558 1
4794 4558 1
4795 4796 1
4796 4300 1
4797 4561 1
4798 4562 1
4799 4563 1
4800 4564 1
4800 4922 1
4801 4564 1
4802 4566 1
4803 4566 1
4804 4566 1
4805 4566 1
4806 4566 1
4807 4567 1
4808 4568 1
4808 5849 1
4809 4568 1
4810 4572 1
4811 4576 1
4812 4577 1
4813 4578 1
4814 4579 1
4815 4582 1
4816 4583 1
4817 4584 1
4818 4586 1
4819 4587 1
4820 4591 1
4821 4593 1
4822 4595 1
4823 4601 1
4823 4602 1
4823 4824 1
4824 4601 1
4825 4602 1
4826 4606 1
4826 4827 1
4827 4606 1
4828 4609 1
4829 4612 1
4830 4612 1
4830 5363 1
4831 4619 1
4832 4621 1
4833 4621 1
4833 4999 1
4834 4621 1
4835 4621 1
4836 4621 1
4837 4621 1
4838 4623 1
4839 4625 1
4840 4625 1
4841 4626 1
4842 4626 1
4842 4841 1
4843 4633 1
4844 4636 1
4845 4643 1
4846 4644 1
4847 4651 1
4847 4849 1
4848 4651 1
4848 4849 1
4849 4652 1
4850 4660 1
4851 4660 1
4852 4666 1
4853 4676 1
4853 4854 1
4854 4676 1
4855 4678 1
4856 4679 1
4857 4682 1
4858 4686 1
4859 4688 1
4860 4692 1
4861 4694 1
4862 4695 1
4863 4698 1
4864 4698 1
4865 4699 1
4866 4701 1
4867 4704 1
4868 4705 1
4869 4706 1
4870 4706 1
4871 4709 1
4872 4709 1
4873 4709 1
4874 4709 1
4875 4709 1
4876 4709 1
4877 4709 1
4878 4709 1
4879 4709 1
4880 4716 1
4881 4717 1
4882 4718 1
4883 4718 1
4884 4719 1
4885 4724 1
4885 4784 1
4886 4733 1
4887 4734 1
4888 4735 1
4889 4735 1
4890 4736 1
4891 4736 1
4891 4890 1
4892 4736 1
4892 5168 1
4893 4743 1
4894 4745 1
4895 4745 1
4896 4745 1
4897 4745 1
4897 4749 1
4898 4746 1
4899 4753 1
4900 4753 1
4901 4755 1
4901 4977 1
4902 4759 1
4902 4829 1
4903 4767 1
4904 4767 1
4905 4767 1
4906 4767 1
4907 4767 1
4908 4767 1
4909 4767 1
4910 4767 1
4911 4767 1
4912 4767 1
4913 4767 1
4914 4768 1
4915 4771 1
4916 4772 1
4916 4917 1
4917 4772 1
4917 4981 1
4918 4773 1
4919 4777 1
4920 4785 1
4921 4798 1
4922 4800 1
4923 4800 1
4924 4803 1
4925 4803 1
4926 4803 1
4926 5233 1
4927 4803 1
4928 4803 1
4929 4803 1
4930 4805 1
4931 4805 1
4932 4811 1
4933 4811 1
4934 4811 1
4935 4817 1
4936 4820 1
4936 4937 1
4937 4820 1
4938 4830 1
4938 5465 1
4939 4832 1
4940 4834 1
4941 4834 1
4942 4834 1
4943 4834 1
4944 4834 1
4945 4834 1
4946 4834 1
4947 4834 1
4948 4834 1
4949 4834 1
4950 4834 1
4951 4835 1
4951 5098 1
4952 4835 1
4953 4836 1
4954 4838 1
4955 4838 1
4956 4845 1
4957 4847 1
4958 4847 1
4959 4849 1
4960 4849 1
4961 4852 1
4962 4856 1
4963 4862 1
4964 4865 1
4965 4881 1
4966 4882 1
4967 4884 1
4968 4887 1
4969 4889 1
4970 4889 1
4971 4889 1
4972 4889 1
4973 4890 1
4974 4890 1
4975 4891 1
4976 4892 1
4977 4901 1
4977 4978 1
4977 5019 1
4977 5021 1
4977 5022 1
4977 5023 1
4977 5082 1
4977 5083 1
4977 5218 1
4978 4901 1
4978 5084 1
4978 5085 1
4979 4916 1
4979 4981 1
4980 4916 1
4980 4979 1
4980 4981 1
4981 4917 1
4982 4922 1
4983 4923 1
4984 4924 1
4984 5232 1
4985 4925 1
4986 4927 1
4987 4933 1
4988 4934 1
4989 4936 1
4990 4939 1
4991 4939 1
4992 4939 1
4993 4939 1
4993 4997 1
4994 4939 1
4995 4939 1
4996 4939 1
4997 4939 1
4998 4940 1
4999 4942 1
5000 4951 1
5001 4952 1
5002 4954 1
5002 5003 1
5002 5118 1
5003 4954 1
5004 4957 1
5005 4958 1
5006 4958 1
5007 4958 1
5008 4969 1
5009 4972 1
5010 4973 1
5011 4973 1
5012 4973 1
5012 5011 1
5013 4973 1
5014 4974 1
5015 4975 1
5016 4976 1
5017 4977 1
5018 4977 1
5018 5017 1
5018 5082 1
5018 5085 1
5018 5135 1
5019 4977 1
5019 5084 1
5019 5135 1
5019 5218 1
5020 4977 1
5020 5135 1
5021 4977 1
5021 5018 1
5021 5084 1
5022 4977 1
5023 4977 1
5023 5020 1
5023 5135 1
5024 4979 1
5025 4980 1
5026 4981 1
5027 4984 1
5028 4984 1
5029 4984 1
5030 4984 1
5031 4984 1
5032 4990 1
5033 4996 1
5034 4997 1
5035 4997 1
5036 4997 1
5037 5000 1
5038 5000 1
5039 5000 1
5039 5100 1
5040 5000 1
5041 5005 1
5042 5005 1
5043 5005 1
5044 5007 1
5045 5010 1
5046 5010 1
5047 5011 1
5048 5011 1
5049 5012 1
5050 5012 1
5051 5012 1
5051 5170 1
5052 5012 1
5053 5012 1
5054 5012 1
5055 5012 1
5056 5012 1
5056 5114 1
5057 5012 1
5058 5012 1
5059 5012 1
5060 5012 1
5061 5012 1
5062 5012 1
5063 5012 1
5064 5012 1
5065 5012 1
5066 5012 1
5067 5012 1
5068 5012 1
5069 5012 1
5070 5012 1
5071 5012 1
5072 5012 1
5073 5012 1
5074 5012 1
5075 5012 1
5076 5012 1
5077 5012 1
5078 5012 1
5079 5013 1
5080 5014 1
5081 5015 1
5082 5017 1
5083 5018 1
5084 5019 1
5084 5022 1
5084 5023 1
5085 5019 1
5085 5084 1
5085 5136 1
5086 5020 1
5087 5020 1
5088 5028 1
5088 5089 1
5088 5145 1
5088 5250 1
5089 5028 1
5090 5028 1
5091 5030 1
5091 5092 1
5092 5030 1
5093 5030 1
5094 5031 1
5094 5267 1
5095 5031 1
5096 5031 1
5097 5037 1
5098 5038 1
5099 5038 1
5099 5098 1
5099 5100 1
5099 5183 1
5099 5362 1
5099 5393 1
5100 5038 1
5100 5040 1
5101 5038 1
5102 5038 1
5103 5040 1
5103 5196 1
5103 5283 1
5104 5040 1
5105 5042 1
5106 5043 1
5107 5046 1
5108 5046 1
5109 5050 1
5109 5110 1
5110 5050 1
5111 5052 1
5112 5054 1
5113 5055 1
5114 5056 1
5114 5115 1
5114 5198 1
5114 5199 1
5115 5056 1
5115 5758 1
5116 5057 1
5117 5057 1
5118 5058 1
5119 5061 1
5120 5061 1
5120 5208 1
5121 5061 1
5122 5065 1
5123 5065 1
5124 5065 1
5125 5065 1
5126 5065 1
5127 5065 1
5128 5066 1
5129 5068 1
5130 5075 1
5131 5075 1
5132 5079 1
5133 5080 1
5134 5083 1
5135 5083 1
5136 5084 1
5137 5084 1
5138 5084 1
5139 5088 1
5140 5088 1
5141 5088 1
5141 5143 1
5142 5088 1
5143 5088 1
5144 5090 1
5145 5090 1
5146 5092 1
5147 5092 1
5148 5092 1
5149 5092 1
5150 5092 1
5151 5092 1
5152 5092 1
5153 5092 1
5154 5093 1
5155 5093 1
5156 5093 1
5157 5094 1
5158 5094 1
5159 5094 1
5160 5094 1
5161 5094 1
5162 5094 1
5163 5095 1
5164 5096 1
5165 5098 1
5166 5098 1
5167 5098 1
5168 5098 1
5169 5098 1
5170 5099 1
5171 5099 1
5172 5099 1
5172 5165 1
5172 5269 1
5173 5099 1
5173 5100 1
5174 5099 1
5175 5099 1
5176 5099 1
5177 5100 1
5178 5100 1
5178 5177 1
5178 5707 1
5179 5100 1
5180 5100 1
5181 5100 1
5182 5100 1
5183 5100 1
5183 5184 1
5183 5186 1
5184 5100 1
5185 5100 1
5186 5100 1
5187 5100 1
5188 5100 1
5189 5100 1
5190 5103 1
5190 5485 1
5191 5103 1
5192 5103 1
5193 5103 1
5194 5103 1
5195 5103 1
5196 5104 1
5196 5546 1
5197 5107 1
5198 5115 1
5199 5115 1
5200 5115 1
5201 5116 1
5202 5117 1
5203 5118 1
5204 5118 1
5205 5118 1
5206 5118 1
5207 5119 1
5208 5120 1
5209 5126 1
5210 5127 1
5211 5128 1
5212 5129 1
5212 5213 1
5212 5214 1
5212 5215 1
5212 5216 1
5213 5129 1
5214 5129 1
5215 5129 1
5216 5129 1
5217 5131 1
5218 5135 1
5219 5136 1
5220 5136 1
5221 5136 1
5222 5136 1
5223 5136 1
5224 5136 1
5225 5136 1
5226 5136 1
5227 5136 1
5228 5139 1
5229 5139 1
5229 5429 1
5230 5139 1
5231 5140 1
5232 5141 1
5233 5141 1
5234 5141 1
5235 5141 1
5236 5142 1
5237 5142 1
5238 5142 1
5239 5142 1
5239 5236 1
5240 5142 1
5241 5143 1
5242 5143 1
5243 5143 1
5244 5143 1
5245 5143 1
5246 5143 1
5247 5143 1
5248 5143 1
5249 5144 1
5250 5145 1
5251 5147 1
5252 5147 1
5253 5147 1
5254 5148 1
5255 5150 1
5255 5256 1
5256 5150 1
5257 5150 1
5257 5255 1
5257 5260 1
5257 5360 1
5258 5150 1
5259 5150 1
5260 5150 1
5261 5150 1
5262 5150 1
5263 5151 1
5264 5154 1
5264 5265 1
5265 5154 1
5266 5163 1
5267 5164 1
5268 5165 1
5269 5165 1
5270 5166 1
5270 5174 1
5270 5534 1
5271 5168 1
5271 5390 1
5272 5169 1
5273 5169 1
5274 5170 1
5275 5170 1
5276 5170 1
5277 5171 1
5278 5171 1
5279 5172 1
5279 5270 1
5279 5364 1
5280 5173 1
5280 5268 1
5281 5174 1
5282 5174 1
5282 5270 1
5282 5382 1
5282 5387 1
5282 5390 1
5282 5480 1
5283 5174 1
5283 5382 1
5284 5174 1
5285 5180 1
5286 5183 1
5287 5184 1
5288 5185 1
5289 5185 1
5290 5187 1
5291 5187 1
5292 5187 1
5293 5187 1
5294 5187 1
5295 5187 1
5296 5187 1
5297 5193 1
5298 5193 1
5299 5193 1
5300 5204 1
5301 5205 1
5302 5206 1
5303 5210 1
5304 5210 1
5305 5211 1
5306 5212 1
5307 5213 1
5308 5213 1
5309 5213 1
5309 5414 1
5310 5213 1
5310 5308 1
5311 5213 1
5312 5213 1
5313 5213 1
5314 5213 1
5315 5213 1
5316 5213 1
5317 5213 1
5318 5214 1
5319 5214 1
5320 5214 1
5321 5214 1
5322 5215 1
5323 5215 1
5324 5215 1
5325 5216 1
5326 5216 1
5327 5216 1
5328 5216 1
5329 5216 1
5330 5216 1
5331 5223 1
5332 5224 1
5333 5224 1
5334 5228 1
5335 5230 1
5336 5231 1
5337 5234 1
5337 5339 1
5337 5448 1
5337 5586 1
5337 5720 1
5338 5234 1
5339 5234 1
5340 5236 1
5341 5236 1
5342 5236 1
5343 5236 1
5344 5236 1
5345 5236 1
5346 5236 1
5347 5236 1
5348 5236 1
5349 5237 1
5350 5242 1
5350 5244 1
5350 5247 1
5350 5352 1
5351 5242 1
5352 5244 1
5353 5247 1
5354 5247 1
5355 5248 1
5356 5248 1
5357 5358 1
5358 5150 1
5359 5258 1
5360 5262 1
5361 5264 1
5362 5269 1
5363 5270 1
5363 5364 1
5363 5817 1
5364 5270 1
5365 5271 1
5366 5272 1
5367 5274 1
5368 5277 1
5369 5278 1
5370 5278 1
5370 5372 1
5371 5278 1
5372 5278 1
5373 5278 1
5374 5278 1
5375 5278 1
5376 5278 1
5377 5278 1
5378 5278 1
5379 5278 1
5380 5278 1
5381 5278 1
5382 5279 1
5383 5281 1
5384 5281 1
5385 5281 1
5386 5281 1
5387 5283 1
5387 5364 1
5388 5283 1
5389 5283 1
5390 5283 1
5391 5285 1
5392 5287 1
5393 5287 1
5394 5289 1
5395 5292 1
5395 5396 1
5396 5292 1
5397 5293 1
5398 5293 1
5399 5297 1
5400 5298 1
5400 5373 1
5400 5512 1
5401 5298 1
5402 5298 1
5403 5298 1
5404 5300 1
5405 5301 1
5406 5302 1
5407 5302 1
5408 5304 1
5409 5304 1
5410 5304 1
5411 5307 1
5412 5308 1
5413 5308 1
5414 5309 1
5415 5309 1
5415 5416 1
5415 5571 1
5416 5309 1
5416 5575 1
5417 5312 1
5418 5316 1
5419 5318 1
5420 5320 1
5421 5320 1
5422 5320 1
5423 5320 1
5424 5320 1
5425 5329 1
5426 5331 1
5427 5331 1
5428 5332 1
5429 5333 1
5429 5430 1
5430 5333 1
5431 5333 1
5431 5430 1
5432 5333 1
5433 5334 1
5434 5334 1
5434 5433 1
5434 5435 1
5434 5436 1
5434 5437 1
5434 5438 1
5434 5439 1
5434 5440 1
5435 5334 1
5436 5334 1
5437 5334 1
5438 5334 1
5439 5334 1
5440 5334 1
5441 5335 1
5442 5337 1
5443 5337 1
5444 5337 1
5445 5337 1
5446 5338 1
5447 5339 1
5448 5339 1
5449 5341 1
5450 5345 1
5451 5345 1
5452 5347 1
5453 5347 1
5454 5348 1
5455 5352 1
5456 5363 1
5457 5363 1
5458 5363 1
5459 5363 1
5459 5461 1
5459 5473 1
5460 5363 1
5460 5817 1
5461 5363 1
5462 5363 1
5463 5363 1
5464 5363 1
5465 5363 1
5466 5363 1
5467 5363 1
5468 5363 1
5469 5363 1
5470 5363 1
5471 5363 1
5472 5363 1
5473 5363 1
5474 5363 1
5475 5363 1
5476 5363 1
5477 5363 1
5478 5364 1
5479 5364 1
5480 5364 1
5481 5367 1
5481 5752 1
5482 5367 1
5483 5368 1
5484 5368 1
5485 5370 1
5486 5370 1
5487 5370 1
5488 5370 1
5489 5370 1
5490 5371 1
5491 5371 1
5492 5371 1
5493 5371 1
5494 5371 1
5495 5371 1
5496 5371 1
5497 5371 1
5498 5371 1
5499 5371 1
5500 5371 1
5501 5371 1
5502 5371 1
5503 5371 1
5504 5371 1
5505 5371 1
5506 5371 1
5507 5371 1
5508 5371 1
5509 5372 1
5509 5771 1
5510 5372 1
5511 5373 1
5511 5512 1
5512 5373 1
5513 5373 1
5513 5512 1
5514 5374 1
5515 5374 1
5516 5374 1
5517 5374 1
5518 5374 1
5518 5795 1
5519 5374 1
5519 5515 1
5520 5375 1
5521 5375 1
5522 5376 1
5523 5376 1
5524 5376 1
5525 5376 1
5526 5377 1
5527 5377 1
5528 5377 1
5529 5377 1
5530 5378 1
5531 5378 1
5532 5378 1
5533 5378 1
5534 5382 1
5535 5382 1
5535 5534 1
5536 5382 1
5537 5382 1
5538 5382 1
5539 5384 1
5539 5386 1
5540 5387 1
5540 5546 1
5541 5387 1
5541 5546 1
5542 5387 1
5542 5546 1
5543 5387 1
5543 5546 1
5544 5388 1
5545 5389 1
5546 5392 1
5547 5392 1
5548 5393 1
5549 5395 1
5550 5395 1
5551 5400 1
5552 5400 1
5553 5400 1
5554 5400 1
5555 5404 1
5556 5405 1
5557 5406 1
5558 5406 1
5559 5409 1
5560 5409 1
5561 5409 1
5562 5409 1
5563 5409 1
5564 5409 1
5565 5409 1
5566 5409 1
5567 5412 1
5568 5412 1
5569 5412 1
5570 5412 1
5571 5414 1
5572 5414 1
5573 5414 1
5574 5414 1
5574 5716 1
5575 5414 1
5576 5415 1
5576 5571 1
5576 5572 1
5576 5575 1
5576 5717 1
5576 5837 1
5577 5418 1
5578 5418 1
5579 5423 1
5580 5428 1
5581 5429 1
5582 5430 1
5583 5442 1
5584 5444 1
5585 5447 1
5586 5448 1
5587 5452 1
5588 5454 1
5589 5454 1
5589 5588 1
5590 5454 1
5591 5454 1
5592 5454 1
5593 5457 1
5594 5459 1
5595 5459 1
5596 5459 1
5597 5460 1
5597 5738 1
5598 5461 1
5599 5461 1
5600 5461 1
5601 5461 1
5602 5461 1
5603 5461 1
5604 5461 1
5605 5461 1
5606 5461 1
5607 5461 1
5608 5461 1
5609 5461 1
5610 5461 1
5611 5461 1
5612 5462 1
5613 5463 1
5614 5464 1
5615 5464 1
5615 5473 1
5616 5464 1
5616 5733 1
5617 5464 1
5618 5464 1
5619 5464 1
5620 5464 1
5621 5464 1
5622 5464 1
5623 5464 1
5624 5466 1
5625 5469 1
5626 5473 1
5627 5473 1
5628 5629 1
5629 5363 1
5630 5478 1
5631 5478 1
5632 5478 1
5633 5478 1
5634 5479 1
5635 5479 1
5636 5480 1
5637 5480 1
5638 5481 1
5639 5485 1
5640 5485 1
5641 5485 1
5642 5485 1
5643 5485 1
5644 5485 1
5645 5485 1
5646 5485 1
5647 5485 1
5648 5485 1
5649 5485 1
5650 5486 1
5651 5486 1
5651 5650 1
5652 5486 1
5653 5486 1
5654 5492 1
5654 5505 1
5655 5509 1
5655 5771 1
5656 5509 1
5656 5659 1
5657 5509 1
5657 5771 1
5658 5509 1
5658 5771 1
5659 5509 1
5659 5771 1
5660 5509 1
5660 5771 1
5661 5509 1
5661 5771 1
5662 5511 1
5663 5513 1
5664 5514 1
5665 5514 1
5666 5514 1
5667 5515 1
5668 5515 1
5669 5515 1
5670 5515 1
5671 5516 1
5671 5781 1
5672 5518 1
5673 5518 1
5674 5518 1
5675 5518 1
5676 5518 1
5677 5518 1
5678 5518 1
5679 5518 1
5680 5518 1
5681 5520 1
5682 5520 1
5683 5521 1
5683 5681 1
5683 5684 1
5684 5521 1
5685 5522 1
5686 5522 1
5687 5523 1
5688 5524 1
5689 5524 1
5690 5524 1
5691 5528 1
5692 5531 1
5693 5531 1
5694 5533 1
5695 5534 1
5696 5540 1
5696 5543 1
5696 5704 1
5696 5705 1
5696 5706 1
5697 5540 1
5697 5541 1
5697 5542 1
5697 5543 1
5697 5701 1
5697 5702 1
5697 5703 1
5697 5704 1
5697 5705 1
5697 5706 1
5698 5541 1
5698 5542 1
5699 5544 1
5700 5544 1
5700 5637 1
5701 5546 1
5702 5546 1
5703 5546 1
5704 5546 1
5705 5546 1
5706 5546 1
5707 5547 1
5708 5548 1
5709 5551 1
5710 5551 1
5711 5555 1
5712 5556 1
5713 5567 1
5713 5568 1
5713 5569 1
5713 5570 1
5714 5573 1
5715 5573 1
5716 5573 1
5717 5575 1
5718 5577 1
5719 5584 1
5720 5586 1
5721 5587 1
5722 5589 1
5723 5589 1
5724 5589 1
5725 5589 1
5726 5589 1
5727 5590 1
5728 5592 1
5729 5592 1
5730 5614 1
5731 5615 1
5732 5616 1
5733 5616 1
5734 5616 1
5735 5617 1
5736 5627 1
5737 5628 1
5738 5628 1
5739 5631 1
5740 5631 1
5741 5631 1
5742 5632 1
5743 5633 1
5744 5635 1
5745 5635 1
5746 5636 1
5747 5636 1
5748 5636 1
5749 5637 1
5750 5637 1
5751 5637 1
5752 5638 1
5753 5640 1
5754 5640 1
5755 5640 1
5756 5640 1
5757 5641 1
5758 5642 1
5759 5642 1
5760 5642 1
5761 5642 1
5762 5642 1
5763 5642 1
5764 5642 1
5765 5642 1
5766 5644 1
5767 5646 1
5768 5652 1
5769 5655 1
5770 5655 1
5771 5656 1
5772 5657 1
5773 5660 1
5774 5662 1
5775 5669 1
5776 5671 1
5777 5671 1
5778 5671 1
5779 5671 1
5780 5671 1
5781 5671 1
5782 5672 1
5783 5672 1
5784 5672 1
5785 5672 1
5786 5672 1
5787 5672 1
5788 5672 1
5789 5673 1
5790 5673 1
5790 5789 1
5791 5676 1
5792 5676 1
5793 5676 1
5794 5676 1
5795 5678 1
5796 5681 1
5797 5682 1
5798 5683 1
5799 5684 1
5800 5684 1
5801 5684 1
5802 5684 1
5803 5685 1
5804 5686 1
5805 5686 1
5806 5686 1
5807 5687 1
5808 5687 1
5809 5688 1
5810 5689 1
5811 5689 1
5812 5690 1
5813 5690 1
5814 5690 1
5815 5697 1
5816 5697 1
5817 5700 1
5818 5701 1
5818 5702 1
5818 5703 1
5819 5709 1
5820 5711 1
5821 5711 1
5822 5711 1
5823 5711 1
5824 5711 1
5825 5714 1
5826 5715 1
5827 5716 1
5828 5716 1
5829 5716 1
5830 5716 1
5830 5807 1
5831 5716 1
5832 5716 1
5833 5716 1
5834 5716 1
5835 5716 1
5836 5717 1
5837 5717 1
5838 5717 1
5839 5719 1
5840 5719 1
5841 5719 1
5842 5719 1
5843 5719 1
5844 5719 1
5845 5719 1
5846 5719 1
5847 5719 1
5848 5719 1
5849 5729 1
5850 5734 1
5851 5746 1
5852 5746 1
5853 5747 1
5854 5749 1
5855 5749 1
5856 5749 1
5857 5749 1
5858 5749 1
5859 5749 1
5860 5753 1
5861 5753 1
5862 5755 1
5863 5758 1
5864 5760 1
5865 5761 1
5866 5765 1
5867 5765 1
5868 5767 1
5869 5773 1
5870 5777 1
5871 5784 1
5872 5784 1
5873 5784 1
5874 5790 1
5875 5791 1
5876 5792 1
5877 5793 1
5878 5793 1
5879 5793 1
5880 5793 1
5881 5793 1
5882 5793 1
5883 5795 1
5884 5795 1
5885 5796 1
5886 5796 1
5887 5804 1
5888 5804 1
5889 5804 1
5890 5804 1
5891 5805 1
5892 5807 1
5893 5807 1
5894 5807 1
5895 5807 1
5896 5807 1
5897 5807 1
5898 5807 1
5899 5807 1
5900 5807 1
5901 5807 1
5902 5807 1
5903 5807 1
5904 5807 1
5905 5807 1
5906 5807 1
5907 5807 1
5908 5807 1
5909 5807 1
5910 5807 1
5911 5807 1
5912 5807 1
5913 5807 1
5914 5807 1
5915 5807 1
5916 5807 1
5917 5807 1
5918 5807 1
5919 5807 1
5920 5807 1
5921 5807 1
5922 5807 1
5923 5807 1
5924 5807 1
5925 5807 1
5926 5807 1
5927 5807 1
5928 5807 1
5929 5807 1
5930 5807 1
5931 5807 1
5932 5807 1
5933 5807 1
5934 5807 1
5935 5807 1
5936 5807 1
5937 5807 1
5938 5807 1
5939 5807 1
5940 5807 1
5941 5807 1
5942 5807 1
5943 5807 1
5944 5807 1
5945 5807 1
5946 5807 1
5947 5807 1
5948 5807 1
5949 5807 1
5950 5807 1
5951 5807 1
5952 5807 1
5953 5807 1
5954 5807 1
5955 5807 1
5956 5807 1
5957 5807 1
5958 5807 1
5959 5807 1
5960 5807 1
5961 5807 1
5962 5807 1
5963 5807 1
5964 5807 1
5965 5807 1
5966 5807 1
5967 5807 1
5968 5807 1
5969 5807 1
5970 5807 1
5971 5807 1
5972 5807 1
5973 5807 1
5974 5807 1
5975 5807 1
5976 5807 1
5977 5807 1
5978 5807 1
5979 5807 1
5980 5807 1
5981 5807 1
5982 5807 1
5983 5807 1
5984 5807 1
5985 5807 1
5986 5807 1
5987 5807 1
5988 5807 1
5989 5807 1
5990 5807 1
5991 5807 1
5992 5807 1
5993 5807 1
5994 5807 1
5995 5807 1
5996 5807 1
5997 5807 1
5998 5807 1
5999 5807 1
6000 5807 1
6001 5807 1
6002 5807 1
6003 5807 1
6004 5807 1
6005 5807 1
6006 5807 1
6007 5808 1
6008 5808 1
6009 5812 1
6010 5814 1
6011 5817 1
6012 5817 1
6013 5817 1
6014 5817 1
6015 5817 1
6016 5817 1
6017 5817 1
6018 5817 1
6019 5817 1
6020 5817 1
6021 5817 1
6022 5817 1
6023 5817 1
6024 5817 1
6025 5817 1
6026 5819 1
6027 5820 1
6028 5820 1
6029 5820 1
6030 5820 1
6031 5820 1
6032 5831 1
6033 5831 1
6034 5836 1
6035 5836 1
6036 5842 1
6037 5842 1
6038 5842 1
6039 5848 1
6040 5848 1
6041 5848 1
6042 5848 1
6043 5848 1
6044 5848 1
6045 5848 1
6046 5848 1
6047 5848 1
6048 5848 1
6049 5848 1
6050 5848 1
6051 5848 1
6052 5848 1
6053 5848 1
6054 5848 1
6055 5849 1
6056 5849 1
6057 5849 1
6058 5849 1
6059 5849 1
6060 5849 1
6061 5849 1
6062 5849 1
6063 5849 1
6064 5849 1
6065 5849 1
6066 5849 1
6067 5849 1
6068 5849 1
6069 5849 1
6070 5849 1
6071 5849 1
6072 5849 1
6073 5849 1
6074 5849 1
6075 5849 1
6076 5849 1
6077 1357 1
6078 1349 1
6079 39 1
6080 317 1
6081 344 1
6082 440 1
6083 467 1
6084 508 1
6085 586 1
6086 599 1
6087 614 1
6088 1297 1
6089 1314 1
6089 1453 1
6090 1454 1
6090 1912 1
6091 1545 1
6091 2502 1
6092 1573 1
6093 1613 1
6094 1666 1
6095 1767 1
6096 2003 1
6097 2159 1
6098 2163 1
6099 2459 1
6100 2486 1
6101 2553 1
6102 2639 1
6103 2821 1
6104 2829 1
6105 2851 1
6106 3263 1
6107 3263 1
6108 3373 1
6109 3374 1
6110 3374 1
6111 3810 1
6112 4173 1
6113 4224 1
6114 4285 1
6115 4422 1
6116 4491 1
6117 4536 1
6118 4536 1
6119 4641 1
6120 4706 1
6120 4869 1
6121 4709 1
6122 4846 1
6123 5025 1
6124 5025 1
6125 5133 1
6126 5193 1
6126 5807 1
6127 5257 1
6128 5259 1
6129 5304 1
6130 5409 1
6131 5522 1
6132 5531 1
6133 5631 1
6134 5731 1
6135 5807 1
6136 5807 1
6137 5807 1
